wall,-64.0,-20.0,64.0,0.0,64.0,1.0,F
wall,64.0,-20.0,-64.0,0.0,64.0,1.0,F
wall,2112.0,-20.0,64.0,0.0,64.0,1.0,F
wall,64.0,-20.0,2112.0,0.0,64.0,1.0,F
wall,-64.0,-20.0,192.0,0.0,64.0,1.0,F
wall,192.0,-20.0,-64.0,0.0,64.0,1.0,F
wall,2112.0,-20.0,192.0,0.0,64.0,1.0,F
wall,192.0,-20.0,2112.0,0.0,64.0,1.0,F
wall,-64.0,-20.0,320.0,0.0,64.0,1.0,F
wall,320.0,-20.0,-64.0,0.0,64.0,1.0,F
wall,2112.0,-20.0,320.0,0.0,64.0,1.0,F
wall,320.0,-20.0,2112.0,0.0,64.0,1.0,F
wall,-64.0,-20.0,448.0,0.0,64.0,1.0,F
wall,448.0,-20.0,-64.0,0.0,64.0,1.0,F
wall,2112.0,-20.0,448.0,0.0,64.0,1.0,F
wall,448.0,-20.0,2112.0,0.0,64.0,1.0,F
wall,-64.0,-20.0,576.0,0.0,64.0,1.0,F
wall,576.0,-20.0,-64.0,0.0,64.0,1.0,F
wall,2112.0,-20.0,576.0,0.0,64.0,1.0,F
wall,576.0,-20.0,2112.0,0.0,64.0,1.0,F
wall,-64.0,-20.0,704.0,0.0,64.0,1.0,F
wall,704.0,-20.0,-64.0,0.0,64.0,1.0,F
wall,2112.0,-20.0,704.0,0.0,64.0,1.0,F
wall,704.0,-20.0,2112.0,0.0,64.0,1.0,F
wall,-64.0,-20.0,832.0,0.0,64.0,1.0,F
wall,832.0,-20.0,-64.0,0.0,64.0,1.0,F
wall,2112.0,-20.0,832.0,0.0,64.0,1.0,F
wall,832.0,-20.0,2112.0,0.0,64.0,1.0,F
wall,-64.0,-20.0,960.0,0.0,64.0,1.0,F
wall,960.0,-20.0,-64.0,0.0,64.0,1.0,F
wall,2112.0,-20.0,960.0,0.0,64.0,1.0,F
wall,960.0,-20.0,2112.0,0.0,64.0,1.0,F
wall,-64.0,-20.0,1088.0,0.0,64.0,1.0,F
wall,1088.0,-20.0,-64.0,0.0,64.0,1.0,F
wall,2112.0,-20.0,1088.0,0.0,64.0,1.0,F
wall,1088.0,-20.0,2112.0,0.0,64.0,1.0,F
wall,-64.0,-20.0,1216.0,0.0,64.0,1.0,F
wall,1216.0,-20.0,-64.0,0.0,64.0,1.0,F
wall,2112.0,-20.0,1216.0,0.0,64.0,1.0,F
wall,1216.0,-20.0,2112.0,0.0,64.0,1.0,F
wall,-64.0,-20.0,1344.0,0.0,64.0,1.0,F
wall,1344.0,-20.0,-64.0,0.0,64.0,1.0,F
wall,2112.0,-20.0,1344.0,0.0,64.0,1.0,F
wall,1344.0,-20.0,2112.0,0.0,64.0,1.0,F
wall,-64.0,-20.0,1472.0,0.0,64.0,1.0,F
wall,1472.0,-20.0,-64.0,0.0,64.0,1.0,F
wall,2112.0,-20.0,1472.0,0.0,64.0,1.0,F
wall,1472.0,-20.0,2112.0,0.0,64.0,1.0,F
wall,-64.0,-20.0,1600.0,0.0,64.0,1.0,F
wall,1600.0,-20.0,-64.0,0.0,64.0,1.0,F
wall,2112.0,-20.0,1600.0,0.0,64.0,1.0,F
wall,1600.0,-20.0,2112.0,0.0,64.0,1.0,F
wall,-64.0,-20.0,1728.0,0.0,64.0,1.0,F
wall,1728.0,-20.0,-64.0,0.0,64.0,1.0,F
wall,2112.0,-20.0,1728.0,0.0,64.0,1.0,F
wall,1728.0,-20.0,2112.0,0.0,64.0,1.0,F
wall,-64.0,-20.0,1856.0,0.0,64.0,1.0,F
wall,1856.0,-20.0,-64.0,0.0,64.0,1.0,F
wall,2112.0,-20.0,1856.0,0.0,64.0,1.0,F
wall,1856.0,-20.0,2112.0,0.0,64.0,1.0,F
wall,-64.0,-20.0,1984.0,0.0,64.0,1.0,F
wall,1984.0,-20.0,-64.0,0.0,64.0,1.0,F
wall,2112.0,-20.0,1984.0,0.0,64.0,1.0,F
wall,1984.0,-20.0,2112.0,0.0,64.0,1.0,F
tree_01,1789.3208,-49.760727,1140.7509,-1.2000978,10.0,1.0,F
tree_01,1756.5044,-52.39216,1042.837,-42.900097,10.0,1.0,F
tree_01,1651.4419,-45.490204,1077.6536,14.999904,10.0,1.0,F
tree_01,1704.6489,-49.254906,1210.6514,31.4999,10.0,1.0,F
tree_01,1628.0198,-48.627457,1114.6106,47.699886,10.0,1.0,F
tree_01,1610.469,-37.333344,807.1721,160.19992,10.0,1.0,F
tree_01,1535.9868,-37.333344,674.7216,146.99997,10.0,1.0,F
tree_01,1305.9397,-37.333336,900.8408,91.49994,10.0,1.0,F
tree_01,1733.0576,-53.019608,1086.9275,11.4000025,12.4,1.0,F
tree_01,1638.5195,-37.333344,743.4748,228.00003,15.999999,1.0,F
tree_01,1607.3529,-37.333344,554.0409,261.0,12.4,1.0,F
tree_01,1591.9333,-37.333344,707.29584,286.49994,7.6000004,1.0,F
tree_01,1556.1324,-37.333336,607.2572,235.19998,11.2,1.0,F
tree_01,1524.4463,-37.333344,315.19614,227.70003,14.799999,1.0,F
tree_01,1311.9855,-37.333344,267.05096,275.1,10.0,1.0,F
tree_01,987.20856,-38.588234,383.78906,274.2,12.4,1.0,F
tree_01,841.24756,-45.490204,613.73376,352.80005,14.799999,1.0,F
tree_01,1124.9543,-38.961548,870.7509,371.40002,13.599999,1.0,F
tree_01,1037.1066,-54.901962,959.23645,356.40005,12.4,1.0,F
tree_01,885.7187,-63.68628,1025.2823,346.5001,13.599999,1.0,F
tree_01,1151.3934,-58.66668,1317.354,394.5,10.0,1.0,F
tree_01,1087.6938,-61.803932,1374.6113,386.69998,14.799999,1.0,F
tree_01,1006.8755,-54.90197,1444.4431,380.09995,15.999999,1.0,F
tree_01,927.3023,-57.50618,1638.7203,415.79984,15.999999,1.0,F
tree_01,739.72577,-51.76471,1869.5438,369.59988,19.599998,1.0,F
tree_01,503.41144,-58.039215,1876.9462,334.7999,11.2,1.0,F
tree_01,288.2776,-50.595665,1614.5563,298.49994,13.599999,1.0,F
tree_01,56.27533,-54.901962,1513.3588,283.79993,12.4,1.0,F
tree_01,219.61465,-58.039223,1502.167,303.5999,12.4,1.0,F
tree_01,104.51892,-48.033134,1109.5946,238.1999,15.999999,1.0,F
tree_01,111.478905,-39.215683,994.1378,230.69995,15.999999,1.0,F
tree_01,217.61806,-37.333336,787.78436,202.19994,13.599999,1.0,F
tree_01,229.638,-38.58824,952.2919,161.69992,14.799999,1.0,F
tree_01,499.92215,-48.0,962.0663,130.49991,12.4,1.0,F
tree_02,1568.2284,-37.333336,555.57135,-30.599998,11.2,1.0,F
tree_02,1623.0402,-37.333344,684.2603,-55.800014,11.2,1.0,F
tree_02,1697.8447,-48.627457,1017.7512,-2.700019,11.2,1.0,F
tree_02,1734.2892,-51.13726,1120.0978,53.39998,8.8,1.0,F
tree_02,1805.2303,-42.352943,1240.322,-103.20003,12.4,1.0,F
tree_02,1576.2214,-58.666664,1562.6868,-43.200024,11.2,1.0,F
tree_02,1437.6343,-59.29413,1440.5426,-84.30003,10.0,1.0,F
tree_02,1575.3235,-51.76471,1760.8312,-1.5000274,10.0,1.0,F
tree_02,1447.6859,-49.86921,1861.3737,-47.40003,10.0,1.0,F
tree_02,1167.2012,-46.117653,1846.3411,-112.8,12.4,1.0,F
tree_02,832.6097,-57.411774,1984.1971,-71.700005,15.999999,1.0,F
tree_02,768.69543,-50.50981,1916.9014,-69.00001,10.0,1.0,F
tree_02,647.9583,-58.039215,1853.6312,-53.70004,13.599999,1.0,F
tree_02,444.7149,-58.97899,1778.3339,-74.40005,14.799999,1.0,F
tree_02,300.52274,-55.765358,1575.6742,-104.100044,10.0,1.0,F
tree_02,224.06525,-45.490204,1056.78,-111.90014,14.799999,1.0,F
tree_02,170.17201,-38.588234,910.5159,-76.500145,12.4,1.0,F
tree_02,77.985664,-44.2353,762.8028,-119.10015,13.599999,1.0,F
tree_02,229.53973,-37.333344,660.86676,-135.00018,14.799999,1.0,F
tree_02,501.23993,-60.88392,784.8495,-40.800163,17.199999,1.0,F
tree_02,657.75574,-64.31373,457.61774,15.899822,15.999999,1.0,F
tree_02,772.5085,-62.431374,150.14824,1.1998199,12.4,1.0,F
tree_02,1038.5984,-59.305305,175.06769,-6.3001833,14.799999,1.0,F
tree_02,1460.3582,-56.784317,83.96828,42.299816,13.599999,1.0,F
tree_02,1719.329,-56.784317,125.66748,26.099815,19.6,1.0,F
tree_02,2005.6207,-60.774025,46.196373,76.79983,8.8,1.0,F
tree_02,1704.8314,-49.882355,381.61932,-56.700176,10.0,1.0,F
tree_02,1952.9088,-63.030746,516.9551,12.899827,10.0,1.0,F
tree_02,1870.4279,-37.333344,654.5441,-6.3001738,10.0,1.0,F
tree_02,1958.7072,-37.333344,670.662,64.499825,10.0,1.0,F
tree_02,2012.8975,-37.333336,1282.5834,56.399803,10.0,1.0,F
tree_03,1555.3969,-37.333344,483.91656,-289.2,12.4,1.0,F
tree_03,1600.2953,-37.333344,604.28143,-333.60013,10.0,1.0,F
tree_03,1617.4025,-37.333336,640.8225,-418.8002,13.599999,1.0,F
tree_03,1436.546,-37.333336,974.06,-396.3003,12.4,1.0,F
tree_03,1395.2985,-37.333344,901.04803,-327.60034,8.8,1.0,F
tree_03,1353.8129,-37.333336,965.6891,-329.70023,14.799999,1.0,F
tree_03,1319.6982,-45.49762,1056.5277,-372.90024,10.0,1.0,F
tree_03,1124.6587,-42.980392,935.24457,-452.7002,10.0,1.0,F
tree_03,1004.19415,-62.43138,1082.8341,-412.50015,10.0,1.0,F
tree_03,979.739,-62.43138,998.7644,-482.1001,14.799999,1.0,F
tree_03,929.4696,-65.568634,1134.5781,-469.50003,7.6000004,1.0,F
tree_03,1002.0766,-54.274513,892.5867,-531.0002,14.799999,1.0,F
tree_03,1035.1259,-48.62745,752.2126,-349.20032,14.799999,1.0,F
tree_03,917.11414,-44.2353,674.40594,-424.50018,13.599999,1.0,F
tree_03,641.76245,-62.14959,313.58307,-463.8002,17.199999,1.0,F
tree_03,943.42236,-65.56863,72.74281,-526.8003,19.6,1.0,F
tree_04,1592.6329,-37.333344,654.1162,75.30001,25.6,1.0,F
tree_04,1593.4712,-37.333344,506.4027,96.59998,13.599999,1.0,F
tree_04,1566.9973,-37.333336,732.29443,59.69998,13.599999,1.0,F
tree_04,1841.1058,-43.607857,557.6496,147.30002,13.599999,1.0,F
tree_04,1979.5758,-55.28421,576.2737,138.30006,13.599999,1.0,F
tree_04,1344.195,-37.333344,927.59717,289.20013,14.799999,1.0,F
tree_04,1070.7249,-46.74511,913.79565,294.60004,17.199999,1.0,F
tree_04,935.69604,-64.313736,1073.6589,342.90002,19.600002,1.0,F
tree_04,1137.3986,-53.647064,1376.7777,378.29996,14.799999,1.0,F
tree_04,1026.6654,-64.13751,1399.8002,362.0999,15.999999,1.0,F
tree_04,971.38354,-50.56675,1516.091,377.99988,18.4,1.0,F
tree_04,689.619,-46.745102,1927.0618,351.59985,20.800001,1.0,F
tree_04,524.155,-56.156853,1971.4199,330.59982,15.999999,1.0,F
tree_04,554.17413,-62.57228,1812.6605,313.79974,20.800001,1.0,F
tree_04,375.5636,-55.54789,1712.8069,280.19974,19.6,1.0,F
tree_04,246.49112,-49.16809,1551.8961,266.69977,18.4,1.0,F
tree_04,397.899,-53.019615,1205.6155,172.19974,14.799999,1.0,F
tree_04,485.83334,-56.784317,1350.6104,141.29973,7.6,1.0,F
tree_04,281.27692,-51.137253,1153.417,190.19969,8.8,1.0,F
tree_04,300.0286,-40.470596,996.9968,182.69969,13.599999,1.0,F
tree_04,401.39694,-46.74511,1082.7139,140.0997,12.4,1.0,F
tree_04,306.2584,-37.33335,862.1708,188.99971,15.999999,1.0,F
tree_04,118.515045,-40.470596,910.45636,226.19968,20.800001,1.0,F
tree_04,674.5121,-64.94118,553.23157,159.2997,18.4,1.0,F
tree_04,762.7465,-54.274513,638.6119,136.49966,17.199999,1.0,F
tree_04,730.4728,-52.760742,248.7089,144.89963,14.799999,1.0,F
tree_04,921.5548,-54.901962,227.7379,122.699615,15.999999,1.0,F
tree_04,1185.794,-49.254906,194.62784,109.49961,14.799999,1.0,F
tree_04,1403.6727,-37.333344,201.38986,101.99961,13.599999,1.0,F
tree_04,1470.0632,-37.333336,332.32605,77.39961,13.599999,1.0,F
tree_04,1345.3296,-37.333344,189.3808,23.699596,15.999999,1.0,F
tree_04,1673.0,-62.431366,68.504295,75.89958,15.999999,1.0,F
tree_04,1965.9075,-65.46507,76.25471,78.8996,12.4,1.0,F
tree_04,2018.5322,-60.549026,189.04366,65.099594,8.8,1.0,F
tree_04,1994.924,-71.2157,322.57236,41.9996,14.799999,1.0,F
tree_04,1967.1284,-67.45097,222.51282,46.799606,7.6000004,1.0,F
tree_04,1813.0958,-55.437828,455.3683,-5.4003944,12.4,1.0,F
tree_04,1784.5471,-62.43138,318.949,-36.600395,8.8,1.0,F
tree_04,1691.0898,-52.392174,219.5505,-74.10041,12.4,1.0,F
tree_04,1788.9447,-63.686264,185.24655,-68.10041,6.4000006,1.0,F
tree_04,1597.695,-51.76471,140.5808,-72.00041,14.799999,1.0,F
tree_04,1330.5874,-44.862747,137.8074,-71.7004,15.999999,1.0,F
tree_04,2010.2476,-37.33336,796.8771,50.69959,14.799999,1.0,F
tree_04,2012.9685,-37.333344,915.7388,41.399586,10.0,1.0,F
tree_04,2014.2808,-37.33333,1084.0593,29.099594,14.799999,1.0,F
tree_04,1749.6357,-44.235306,1200.4757,-20.400408,15.999999,1.0,F
tree_04,1775.3922,-52.568115,1109.2612,-40.50041,8.8,1.0,F
tree_04,1667.5342,-51.76471,1158.225,-40.800407,13.599999,1.0,F
tree_04,1684.3762,-51.484726,1069.8512,-61.20041,13.599999,1.0,F
tree_05,1701.6699,-54.274506,1114.6327,65.399994,18.4,1.0,F
tree_05,1756.4689,-45.490204,1168.8236,68.39997,13.599999,1.0,F
tree_05,1537.9293,-37.333344,534.4875,150.89998,19.6,1.0,F
tree_05,1559.8453,-37.333344,699.24915,97.79998,17.199999,1.0,F
tree_05,1586.5876,-37.333344,770.8329,133.5,18.4,1.0,F
tree_05,1262.9015,-37.333344,944.82587,342.59998,18.4,1.0,F
tree_05,1368.5146,-37.333336,999.57764,327.29993,18.4,1.0,F
tree_05,1399.7971,-37.333344,928.7987,306.89993,14.799999,1.0,F
tree_05,2007.2489,-37.333344,995.39813,423.59995,17.199999,1.0,F
tree_05,1986.6611,-37.333344,709.52686,473.9999,12.4,1.0,F
tree_05,1882.7584,-38.570435,603.484,492.5999,15.999999,1.0,F
tree_05,1722.2769,-47.372543,436.34436,526.19977,14.799999,1.0,F
tree_05,1795.698,-59.921585,403.4145,505.49982,23.200003,1.0,F
tree_05,1397.6006,-37.33333,277.39923,565.19995,17.199999,1.0,F
tree_05,1046.066,-37.333344,331.89862,614.39984,15.999999,1.0,F
tree_05,1010.3328,-49.882362,236.51253,593.6998,15.999999,1.0,F
tree_05,872.56696,-47.460915,302.68707,593.69977,17.199999,1.0,F
tree_05,434.76825,-63.85164,70.742096,593.39984,15.999999,1.0,F
tree_05,330.1337,-59.74994,64.75806,591.59973,24.400002,1.0,F
tree_05,476.16617,-66.196075,40.75241,575.6997,24.400002,1.0,F
tree_05,86.64215,-43.607857,695.4069,660.8998,18.4,1.0,F
tree_05,317.6999,-37.333336,699.4982,677.69977,19.6,1.0,F
tree_05,467.5502,-48.000008,829.22516,718.7997,17.199999,1.0,F
tree_05,459.31363,-47.999992,1026.8368,727.4997,17.199999,1.0,F
tree_05,346.94366,-49.882355,1201.47,712.4996,18.4,1.0,F
tree_05,154.8989,-52.392166,1157.4888,658.7996,18.4,1.0,F
tree_05,508.5036,-58.752945,1263.4991,716.09955,17.199999,1.0,F
tree_05,525.19037,-56.784317,1143.5869,640.7996,13.599999,1.0,F
tree_05,568.1399,-55.529404,965.7928,617.99976,20.800001,1.0,F
tree_05,1084.6875,-54.405502,1427.3303,766.79987,15.999999,1.0,F
tree_05,948.75366,-60.02008,1479.2749,757.4998,17.199999,1.0,F
tree_05,946.2143,-61.331924,1722.0929,762.2998,17.199999,1.0,F
tree_05,827.4232,-63.058823,1896.4951,719.4002,19.6,1.0,F
tree_05,615.7882,-48.0,1984.186,699.60034,23.2,1.0,F
tree_05,507.42255,-60.86653,1800.373,666.9003,23.200003,1.0,F
tree_05,623.8994,-64.26755,1806.9558,676.80023,18.4,1.0,F
tree_05,714.3684,-63.686295,1815.6123,677.10016,26.800005,1.0,F
tree_05,1499.5961,-64.313736,1485.8575,831.0001,18.4,1.0,F
tree_05,1557.2893,-52.39215,1702.7795,794.4002,20.8,1.0,F
tree_05,1853.0503,-68.61459,1683.5338,789.3003,19.599998,1.0,F
tree_05,1967.9592,-56.15686,1612.6499,794.4003,17.199999,1.0,F
tree_05,1744.2351,-57.171173,1318.6682,826.5003,25.6,1.0,F
tree_05,1765.4886,-61.710846,1401.536,816.0003,20.8,1.0,F
house_01,1245.4868,-37.333336,281.33313,359.70004,11.2,1.0,F
house_02,1418.9006,-37.333344,333.7547,323.70007,11.2,1.0,F
house_03,1466.7106,-37.33334,397.84796,295.2,11.2,1.0,F
house_04,1516.6948,-37.33333,457.1859,-67.20004,11.2,1.0,F
house_05,1053.719,-37.333336,382.6862,49.199936,11.2,1.0,F
house_06,1264.655,-37.333336,818.26587,-221.99997,11.2,1.0,F
house_07,1162.4313,-37.333336,742.53906,-224.39975,10.0,1.0,F
house_08,1078.8118,-37.333336,624.7692,-233.39963,10.0,1.0,F
house_09,1114.1072,-37.33334,349.15115,49.80043,10.0,1.0,F
house_10,1490.2922,-37.33333,607.565,630.60046,11.2,1.0,F
tree_07,1233.8955,-37.333344,481.94458,213.30002,30.400003,1.0,F
tree_06,1348.6992,-37.333344,233.83025,372.3001,20.800001,1.0,F
tree_04,1124.905,-37.333344,682.61743,474.60016,15.999999,1.0,F
bridge,1370.443,-63.360077,1250.8568,247.2,8.8,1.0,F
bridge,296.86273,-61.490196,1415.9537,428.10004,8.8,1.0,F
bridge,538.38824,-61.411537,623.29285,383.69995,10.0,1.0,F
barn,97.61334,-37.333344,1995.9253,450.60025,10.0,1.0,F
farmland,56,-37.333344,1891,450.60013,10.0,1.0,F
farmland,125,-37.333344,1891,450.60013,10.0,1.0,F
farmland,192,-37.333344,1891,450.60013,10.0,1.0,F
farmland,56,-37.333344,1825.8274,450.60013,10.0,1.0,F
farmland,125,-37.333344,1825.1442,450.60013,10.0,1.0,F
farmland,192,-37.333344,1825,450.60013,10.0,1.0,F
farmland,56,-37.333344,1760,450.60013,10.0,1.0,F
farmland,125,-37.333344,1760,450.60013,10.0,1.0,F
farmland,192,-37.333344,1760,450.60013,10.0,1.0,F
sunflower,169.67017,-37.333336,1868.5348,0.8999939,10.0,1.0,F
sunflower,184.16835,-37.333336,1868.3071,0.8999939,10.0,1.0,F
sunflower,198.66655,-37.333336,1868.0795,0.8999939,10.0,1.0,F
sunflower,213.4647,-37.333336,1867.847,0.8999939,10.0,1.0,F
sunflower,213.75531,-37.333336,1886.345,0.8999939,10.0,1.0,F
sunflower,199.05714,-37.333336,1886.5758,0.8999939,10.0,1.0,F
sunflower,184.41289,-37.333336,1885.065,1.199997,10.0,1.0,F
sunflower,168.0165,-37.333336,1885.4082,1.199997,10.0,1.0,F
sunflower,171.33553,-37.33335,1905.7034,6.899994,11.2,1.0,F
sunflower,181.97704,-37.333336,1903.3374,-3.6000366,10.0,1.0,F
sunflower,195.75386,-37.333344,1903.352,-3.0517578E-5,8.8,1.0,F
sunflower,212.54346,-37.333344,1902.1478,1.499939,11.2,1.0,F
beet,213.74896,-37.33334,1847.3473,92.69997,25.600002,1.0,F
beet,206.51352,-37.333336,1835.5352,86.999954,23.2,1.0,F
beet,214.12462,-37.33334,1826.0299,110.099945,20.800001,1.0,F
beet,199.09976,-37.33334,1820.4731,101.09993,23.199999,1.0,F
beet,212.62634,-37.333336,1814.6908,95.999916,19.599998,1.0,F
beet,203.48788,-37.33334,1803.5638,85.49992,24.400002,1.0,F
beet,192.47954,-37.33334,1846.7642,95.39993,24.4,1.0,F
beet,183.81944,-37.33334,1841.299,97.79994,20.800001,1.0,F
beet,176.74182,-37.333336,1805.7076,82.49993,20.800001,1.0,F
beet,181.72939,-37.333336,1826.0726,87.89993,20.800001,1.0,F
sunflower_broken,179.54858,-37.33334,1917.9797,32.699966,13.599999,1.0,F
sunflower_broken,194.45752,-37.33334,1918.5797,39.299988,10.0,1.0,F
sunflower_broken,211.5241,-37.333336,1917.7319,39.89998,12.4,1.0,F
sunflower_broken,173.28194,-37.333336,1891.5073,52.49996,8.8,1.0,F
sunflower_broken,189.30255,-37.333336,1894.4326,53.999977,8.8,1.0,F
sunflower_broken,203.68332,-37.333336,1876.1097,52.19998,8.8,1.0,F
corn,148.77249,-37.333336,1912.8026,124.79998,17.199999,1.0,F
corn,147.98372,-37.33334,1901.9922,130.49998,15.999999,1.0,F
corn,148.28442,-37.333336,1889.817,139.79999,15.999999,1.0,F
corn,146.8317,-37.333336,1877.8138,228.29999,13.599999,1.0,F
corn,144.53772,-37.333332,1867.0433,223.5,13.599999,1.0,F
corn,133.76918,-37.33334,1866.7863,223.2,13.599999,1.0,F
corn,133.87207,-37.33334,1882.3425,224.70001,15.999999,1.0,F
corn,134.244,-37.333336,1893.4907,296.10004,13.599999,1.0,F
corn,102.1069,-37.333336,1872.1865,312.30002,14.799999,1.0,F
corn,127.17241,-37.333332,1911.417,266.1,15.999999,1.0,F
corn,115.914215,-37.333336,1876.6079,300.30005,14.799999,1.0,F
corn,107.00508,-37.333336,1912.0981,263.40002,13.599999,1.0,F
corn,123.03557,-37.333336,1866.098,247.50003,13.599999,1.0,F
corn,134.4936,-37.33334,1904.7817,222.90002,10.0,1.0,F
corn,123.81406,-37.333336,1896.1383,221.10004,14.799999,1.0,F
corn,117.29874,-37.333336,1907.2275,210.60004,13.599999,1.0,F
corn,102.46374,-37.333332,1898.9592,201.30005,15.999999,1.0,F
corn,113.18555,-37.333332,1889.9526,216.60004,13.599999,1.0,F
corn,112.28384,-37.333336,1866.3855,240.00005,10.0,1.0,F
tomato,212.46323,-37.33334,1777.6365,131.40005,22.000002,1.0,F
tomato,212.21938,-37.33334,1764.037,452.10016,17.199999,1.0,F
tomato,214.03926,-37.333336,1745.6691,534.00024,14.799999,1.0,F
tomato,199.09232,-37.33334,1770.5616,559.8001,18.400002,1.0,F
tomato,199.74606,-37.333344,1744.4934,577.2001,18.4,1.0,F
tomato,176.55458,-37.333336,1776.3995,550.50024,18.4,1.0,F
tomato,186.53665,-37.33334,1760.7112,560.7002,17.199999,1.0,F
tomato,171.48325,-37.333336,1760.7114,548.7002,17.2,1.0,F
tomato,188.12708,-37.333336,1738.1599,571.2001,18.4,1.0,F
tomato,172.10202,-37.333344,1745.7839,663.6001,17.199999,1.0,F
tomato,198.09576,-37.333332,1757.1295,687.9001,13.599999,1.0,F
tomato,187.89879,-37.333336,1773.5944,693.3,14.799999,1.0,F
tomato,201.56836,-37.33334,1779.6763,678.6,12.4,1.0,F
tomato,189.65193,-37.333336,1778.6881,689.1,10.0,1.0,F
tomato,180.83725,-37.33334,1784.61,695.09985,18.4,1.0,F
tomato,168.90833,-37.33334,1769.5148,713.39984,13.599999,1.0,F
tomato,184.82341,-37.333344,1750.4135,653.3999,17.199999,1.0,F
tomato,193.05824,-37.333336,1764.4989,643.4999,10.0,1.0,F
tomato,168.31232,-37.333344,1781.7892,659.0998,14.799999,1.0,F
cabbage,101.684494,-37.33334,1741.4352,719.3997,15.999999,1.0,F
cabbage,105.18338,-37.333332,1758.7952,769.19965,17.199999,1.0,F
cabbage,106.788025,-37.333336,1777.9259,775.7998,18.4,1.0,F
cabbage,123.693275,-37.333336,1766.674,741.29987,15.999999,1.0,F
cabbage,141.11517,-37.33334,1779.235,759.5998,18.4,1.0,F
cabbage,143.15715,-37.33334,1762.1047,853.79974,15.999999,1.0,F
cabbage,145.55367,-37.333336,1739.6647,882.59973,15.999999,1.0,F
cabbage,131.47269,-37.33334,1751.8208,893.09973,14.799999,1.0,F
cabbage,118.7892,-37.333344,1740.3777,902.69977,17.199999,1.0,F
cabbage,124.477394,-37.333336,1783.4508,881.99976,13.599999,1.0,F
brokoly,147.50778,-37.333344,1802.6089,862.79987,17.199999,1.0,F
brokoly,133.06837,-37.33334,1801.0118,862.19977,14.799999,1.0,F
brokoly,119.72287,-37.33334,1801.2167,860.6998,13.599999,1.0,F
brokoly,105.83917,-37.333336,1802.094,852.2999,13.599999,1.0,F
brokoly,144.70432,-37.333336,1818.3961,878.6999,14.799999,1.0,F
brokoly,128.76535,-37.33334,1816.2081,861.9,13.599999,1.0,F
brokoly,114.08615,-37.333336,1817.8226,852.5999,13.599999,1.0,F
brokoly,104.75668,-37.33334,1816.2329,957.9,13.599999,1.0,F
brokoly,144.90092,-37.333336,1835.1041,978.2999,12.4,1.0,F
brokoly,148.30933,-37.333336,1849.0452,938.1001,12.4,1.0,F
brokoly,132.66374,-37.33334,1832.0585,964.5001,13.599999,1.0,F
brokoly,135.56895,-37.33334,1846.824,940.8002,13.599999,1.0,F
brokoly,117.997375,-37.333344,1828.959,1023.6001,14.799999,1.0,F
brokoly,119.33653,-37.333332,1844.688,965.1002,13.599999,1.0,F
brokoly,105.500946,-37.33334,1830.3912,995.10016,13.599999,1.0,F
brokoly,103.11915,-37.33334,1847.1863,898.19995,14.799999,1.0,F
wheat1,81.89589,-37.33334,1776.7491,898.7998,20.800001,1.0,F
wheat1,69.230835,-37.33334,1776.2178,898.4998,14.799999,1.0,F
wheat1,56.952087,-37.333332,1777.7148,900.8997,17.199999,1.0,F
wheat1,45.196,-37.333344,1779.5415,896.69995,15.999999,1.0,F
wheat1,33.192215,-37.333344,1779.628,887.69995,15.999999,1.0,F
wheat1,75.534225,-37.333332,1767.9077,961.49976,14.799999,1.0,F
wheat1,61.28045,-37.33334,1765.9133,875.0998,17.199999,1.0,F
wheat1,74.84843,-37.333332,1754.2369,957.5998,17.199999,1.0,F
wheat1,73.93976,-37.33334,1739.9279,876.8996,15.999999,1.0,F
wheat1,63.759323,-37.333336,1752.9747,940.1995,18.4,1.0,F
wheat1,59.64221,-37.333336,1738.7441,870.2994,13.599999,1.0,F
wheat1,46.049637,-37.33334,1766.3489,907.1993,15.999999,1.0,F
wheat1,49.62507,-37.333336,1751.8278,915.5992,16.0,1.0,F
wheat1,42.033394,-37.33334,1738.8708,867.5992,15.999999,1.0,F
wheat1,32.58292,-37.333336,1761.9352,905.0992,14.799999,1.0,F
wheat1,36.533585,-37.333336,1753.3959,909.599,11.2,1.0,F
wheat2,57.981323,-37.333344,1749.8728,941.0989,12.4,1.0,F
wheat2,67.809044,-37.333336,1735.9202,925.1991,10.0,1.0,F
wheat2,65.55074,-37.333336,1744.9446,872.39923,11.2,1.0,F
wheat2,52.68937,-37.33334,1769.3806,873.5993,10.0,1.0,F
artichoke,50.479225,-37.333336,1910.5671,94.20003,22.000002,1.0,F
artichoke,36.67724,-37.33334,1911.1573,78.60003,20.800001,1.0,F
artichoke,61.879574,-37.33334,1909.7253,70.800026,20.800001,1.0,F
artichoke,76.69165,-37.333344,1910.965,5.400009,20.800001,1.0,F
artichoke,75.01153,-37.333336,1899.9467,-92.39996,19.6,1.0,F
artichoke,76.236145,-37.333344,1873.0305,-88.79993,23.2,1.0,F
artichoke,77.26843,-37.33334,1887.1707,-93.59985,22.000002,1.0,F
artichoke,64.759575,-37.33334,1877.1465,-136.19995,26.800001,1.0,F
artichoke,64.52816,-37.333336,1893.8873,-145.20001,20.800001,1.0,F
artichoke,52.939682,-37.333336,1897.7961,-154.49997,24.399998,1.0,F
artichoke,53.121628,-37.33334,1881.2162,-147.30002,28.000002,1.0,F
artichoke,36.248573,-37.333344,1890.7899,-193.19995,25.600004,1.0,F
artichoke,35.450443,-37.33334,1878.2056,-224.99988,25.599998,1.0,F
artichoke,56.53215,-37.33334,1870.8645,-215.3999,24.400002,1.0,F
carrot,81.215515,-37.333336,1847.9795,-242.3999,24.400002,1.0,F
carrot,77.39427,-37.333336,1835.2904,-253.49991,24.400003,1.0,F
carrot,76.403854,-37.33334,1819.4922,-252.30002,22.000013,1.0,F
carrot,73.70658,-37.33334,1801.7198,-267.30008,22.0,1.0,F
carrot,60.81845,-37.333332,1801.1908,-214.20004,20.8,1.0,F
carrot,51.033676,-37.333344,1834.1818,-232.20004,20.8,1.0,F
carrot,56.910748,-37.333344,1820.1636,-317.39996,19.6,1.0,F
carrot,65.91185,-37.333332,1843.1284,-309.60004,18.4,1.0,F
carrot,34.00851,-37.33334,1847.1112,-289.5001,22.000002,1.0,F
carrot,37.324818,-37.333344,1828.7699,-238.50012,18.4,1.0,F
carrot,31.086212,-37.333336,1803.7185,-210.30011,22.000002,1.0,F
carrot,44.996613,-37.333336,1811.0354,-214.20007,24.4,1.0,F
carrot,48.571682,-37.33334,1848.1473,-224.69998,19.6,1.0,F
carrot,65.86395,-37.33334,1813.1925,-241.50003,17.199999,1.0,F
carrot,61.614952,-37.33334,1828.1608,-262.20004,18.4,1.0,F
carrot,34.76262,-37.33334,1817.976,-195.30014,17.199999,1.0,F
carrot,53.574493,-37.33334,1810.9039,-226.20013,15.999999,1.0,F
beet,186.06898,-37.333336,1812.7792,-240.90002,26.8,1.0,F
beet,168.70868,-37.333336,1842.227,-228.30011,22.000002,1.0,F
beet,167.94101,-37.33334,1822.8931,-243.30011,18.4,1.0,F
beet,193.50844,-37.333336,1831.5302,-242.10007,18.4,1.0,F
bench,1221.0472,-37.333336,486.66156,382.8,13.599999,1.0,F
bench,1197.2474,-37.33334,531.3593,1159.4998,14.799999,1.0,F
bench,1170.4694,-37.333336,491.9408,1057.2,14.799999,1.0,F
bench,1439.8922,-37.333336,407.76932,1106.7004,10.0,1.0,F
fense_02,1082.7797,-37.333344,429.17255,217.7999,10.0,1.0,F
fense_02,1102.6506,-37.333336,409.85718,314.69992,8.8,1.0,F
gate_02,1108.6208,-37.33334,404.37994,310.7998,10.0,1.0,F
fense_02,1090.7844,-37.33334,378.5345,405.5997,10.0,1.0,F
fense_03,1141.0522,-37.333344,337.18802,223.19963,10.0,1.0,F
fense_03,1157.809,-37.33334,366.4626,209.3996,10.0,1.0,F
fense_03,1101.4945,-37.333336,365.23502,759.59937,10.0,1.0,F
gate_01,1128.0521,-37.33334,386.795,660.89954,10.0,1.0,F
fense_03,1134.3811,-37.333336,384.20172,482.0998,8.8,1.0,F
fense_stone_01,1475.9625,-37.33334,450.5711,278.69946,8.8,1.0,F
fense_stone_01,1466.223,-37.33334,499.97943,129.59941,10.0,1.0,F
fense_stone_02,1450.5333,-37.333336,456.54904,299.09943,8.8,1.0,F
fense_stone_02,1436.9744,-37.333336,500.6288,96.89938,8.8,1.0,F
gate_02,1314.6764,-37.333336,733.2971,49.49941,11.2,1.0,F
fense_02,1287.901,-37.333336,706.7612,44.399433,10.0,1.0,F
fense_02,1264.6943,-37.333336,728.2564,132.89943,10.0,1.0,F
fense_02,1244.3666,-37.33334,751.6153,138.59941,10.0,1.0,F
fense_02,1338.0752,-37.33334,762.6158,216.59941,10.0,1.0,F
fense_02,1345.2391,-37.33334,792.93524,193.19939,10.0,1.0,F
fense_02,1324.8483,-37.333336,817.6503,140.39944,10.0,1.0,F
fense_02,1228.9531,-37.333336,685.7577,-44.400543,8.8,1.0,F
fense_02,1214.7957,-37.33334,667.588,-48.90056,10.0,1.0,F
gate_02,1222.481,-37.333336,676.29974,37.19944,13.599999,1.0,F
fense_stone_02,1136.2183,-37.333332,592.69934,-49.200546,11.2,1.0,F
fense_stone_01,1113.7593,-37.333332,569.56915,-46.80052,10.0,1.0,F
castle,1122.8856,-37.33333,1619.9316,7.799988,43.600006,1.0,F
fense_stone_01,1371.6884,-64.61521,1360.1836,71.99997,34.000004,1.0,F
fense_stone_01,1463.0337,-66.196075,1394.9775,59.99997,32.800003,1.0,F
fense_stone_02,1543.6057,-66.1032,1445.0369,41.699978,31.600002,1.0,F
fense_stone_02,1607.2562,-67.74678,1518.2821,29.099983,42.400005,1.0,F
fense_stone_02,1666.6494,-69.960785,1636.9834,9.599983,36.400005,1.0,F
fense_stone_02,1648.4155,-63.68627,1849.6675,-195.00015,35.200005,1.0,F
fense_stone_01,1616.737,-67.45099,1936.216,-199.50015,30.400003,1.0,F
fense_stone_01,1606.3965,-66.196075,1940.9835,-386.7001,38.800007,1.0,F
fense_stone_01,1227.0049,-64.94121,1995.2788,-302.10004,35.20001,1.0,F
fense_stone_02,1193.4882,-62.801422,1288.0392,-283.19992,35.200005,1.0,F
fense_stone_02,1105.959,-66.17693,1317.2548,-249.29987,30.400005,1.0,F
fense_stone_02,1038.1361,-67.93441,1371.2699,-233.09988,26.800001,1.0,F
fense_stone_02,960.56824,-65.56863,1438.9542,-224.69983,31.6,1.0,F
fense_stone_02,962.24426,-64.94119,1441.6698,-40.499817,40.000004,1.0,F
fense_stone_02,887.098,-64.31373,1533.6279,-6.5998306,31.600006,1.0,F
fense_stone_01,917.262,-62.28887,1706.6062,211.20013,29.200005,1.0,F
fense_stone_01,946.81146,-64.31373,1769.81,208.50015,23.199999,1.0,F
fense_stone_01,996.6637,-61.803932,1824.3173,224.40015,24.400002,1.0,F
fense_stone_02,1060.7697,-60.391098,1882.1393,228.3001,24.400005,1.0,F
fense_stone_02,1064.7598,-59.921577,1882.4338,58.80008,30.399998,1.0,F
fense_stone_02,1145.0624,-60.860695,1933.9974,55.800083,32.800007,1.0,F
fense_02,1437.6211,-37.333336,651.4855,450.9002,10.0,1.0,F
fense_02,1433.7787,-37.333344,621.53973,367.2003,10.0,1.0,F
fense_02,1430.693,-37.333344,591.2853,366.3003,10.0,1.0,F
gate_02,1430.5671,-37.33334,581.6242,359.70032,12.4,1.0,F
fense_02,1431.7153,-37.33334,544.0392,358.80038,10.0,1.0,F
fense_02,1462.429,-37.333336,545.333,267.6004,10.0,1.0,F
fense_03,1276.0979,-37.33334,342.94208,177.90051,10.0,1.0,F
fense_03,1241.5697,-37.333332,342.72372,88.5005,10.0,1.0,F
gate_01,1232.0295,-37.333336,342.6116,88.80051,12.4,1.0,F
fense_03,1210.9734,-37.33334,312.5872,23.400543,10.0,1.0,F
fire_pit,1197.4047,-37.333336,503.21475,267.0,10,1.0,F
lamp_01,1260.0583,-37.333336,685.1429,154.80002,8.2,1.0,F
lamp_01,1423.5945,-37.333336,520.6812,-83.999954,8.2,1.0,F
lamp_01,1156.5339,-37.333336,611.04456,149.70001,8.2,1.0,F
lamp_01,1335.2019,-37.33334,346.27756,-8.399986,8.2,1.0,F
lamp_01,1405.4868,-57.411774,1114.8152,80.70002,8.2,1.0,F
clothesline,1284.7065,-37.333336,742.1285,408.9001,11.799999,1.0,F
clothesline,1452.3427,-37.333336,625.62384,275.10007,10.599999,1.0,F
barrel,1247.2554,-37.33334,489.68857,381.0,12.999998,1.0,F
barrel_broken,1256.9515,-37.333336,480.85013,458.09998,11.799998,1.0,F
barrel,296.91617,-37.333344,2035.8116,525.0,25.000002,1.0,F
barrel,318.20557,-37.333336,2033.4231,529.49994,25.000004,1.0,F
barrel_broken,200.83728,-37.333336,2026.083,490.1998,22.6,1.0,F
scythe,188.15912,-37.33334,1951.5049,633.2998,16.6,1.0,F
axe,484.07867,-55.529415,1841.0337,1029.2998,32.2,1.0,F
axe,310.83878,-47.372543,1099.0569,721.7996,28.600002,1.0,F
haystack_01,42.405365,-37.333336,1704.2361,824.0998,29.800001,1.0,F
haystack_01,42.620804,-37.333336,1682.8588,816.59985,25.0,1.0,F
haystack_01,38.117813,-37.333336,1662.1046,809.09985,27.400002,1.0,F
haystack_02,41.24521,-37.333344,1639.5017,800.9999,21.4,1.0,F
haystack_02,62.955765,-37.333344,1690.3364,821.09985,22.6,1.0,F
haystack_03,60.53781,-37.333336,1659.3584,808.1998,22.6,1.0,F
rake,75.98091,-37.333336,1719.3842,878.6994,37.000004,1.0,F
fork,105.71158,-37.333344,1638.711,860.9993,34.600002,1.0,F
canopy,306.2708,-37.333336,2023.0502,810.8993,21.400002,1.0,F
barrel,305.93036,-37.33335,2012.1008,896.09937,25.000002,1.0,F
barrel,23.853577,-37.333344,1616.5907,808.19946,25.0,1.0,F
barrel,36.879105,-37.333336,1598.9542,802.1995,21.4,1.0,F
barrel,281.26352,-48.000008,1102.9254,733.19965,20.200003,1.0,F
barrel,272.3332,-46.117653,1085.1233,780.8996,19.000002,1.0,F
bench_02,1226.9677,-37.333336,521.1631,426.89996,8.200001,1.0,F
bench_02,1195.4967,-37.33334,472.82224,364.2,10.599999,1.0,F
well,1287.5281,-37.333336,510.96674,348.60004,14.199999,1.0,F
basin,1266.784,-37.333332,511.423,360.00003,16.6,1.0,F
box,1251.5303,-37.33334,470.50998,488.39993,17.800001,1.0,F
box,1271.6547,-37.33334,498.72183,413.99988,14.199999,1.0,F
bucket,1301.3074,-37.33334,524.3368,379.49988,12.999999,1.0,F
chest,1170.5657,-37.333336,519.36206,498.2998,12.999999,1.0,F
chest,272.78137,-44.862762,1062.4912,433.49988,17.800001,1.0,F
chest,265.16754,-37.333336,2029.8235,539.99976,33.400005,1.0,F
chest,1228.2526,-39.2157,1658.6172,98.69978,27.400003,1.0,F
pot_02,1216.0913,-33.33334,476.88474,-20.699997,9.399999,1.0,F
pot_02,1219.534,-33.33334,481.31213,-88.79999,12.999999,1.0,F
pot_03,1219.7507,-33.333336,488.76065,17.699966,9.4,1.0,F
bucket,1271.2703,-29.33334,498.8461,-19.200027,10.599999,1.0,F
pot_02,282.22104,-30.0,1101.8269,140.09998,14.199999,1.0,F
stone_middle_01,1847.4,-41.098045,829.71686,590.1001,4.6,1.0,F
stone_middle_01,1851.222,-41.525883,840.8916,603.00006,7.0,1.0,F
stone_middle_01,1850.1487,-43.607845,875.8745,579.9,7.0,1.0,F
stone_middle_01,1790.1539,-46.745106,889.27826,535.80005,7.0,1.0,F
stone_middle_01,1858.9078,-43.607845,939.9942,576.6,7.0,1.0,F
stone_middle_01,1774.1974,-45.4902,960.3577,552.9,7.0,1.0,F
stone_middle_02,1838.6918,-41.725494,836.738,659.4,6.999999,1.0,F
stone_middle_02,1858.0741,-41.725494,854.5603,636.6001,7.0,1.0,F
stone_middle_02,1844.917,-42.980396,862.83545,559.2001,7.0,1.0,F
stone_middle_02,1821.3679,-44.86275,922.85876,535.50006,7.0,1.0,F
stone_middle_02,1863.2295,-41.098045,985.0837,566.4,7.0,1.0,F
stone_middle_02,1760.6312,-46.11765,977.64105,473.70004,7.0,1.0,F
stone_middle_02,1863.073,-42.980396,1025.7673,554.7001,7.0,1.0,F
stone_middle_02,1831.4285,-44.86275,1009.7058,447.60013,7.0,1.0,F
stone_middle_02,1835.1453,-42.352947,969.5258,416.70013,7.0,1.0,F
stone_middle_03,1802.5386,-43.607845,993.2546,472.5,8.2,1.0,F
stone_middle_03,1794.4574,-45.642952,934.2127,441.89996,7.0,1.0,F
stone_middle_03,1812.0593,-44.375244,868.6472,403.79996,7.0,1.0,F
stone_middle_03,1850.038,-44.862743,906.0428,403.49997,7.0,1.0,F
stone_middle_03,1813.911,-43.60785,948.63574,296.99997,7.0,1.0,F
stone_middle_03,1822.3475,-46.745106,896.4064,276.89996,7.0,1.0,F
stone_little_01,1840.5045,-41.7255,846.5207,261.3,9.399999,1.0,F
stone_little_01,1837.3959,-44.235302,875.16815,199.49997,7.0,1.0,F
stone_little_01,1842.3884,-45.183483,912.33594,189.89996,7.0,1.0,F
stone_little_01,1786.6465,-45.490196,936.6872,134.69997,7.0,1.0,F
stone_little_01,1841.6692,-42.352947,974.5956,176.69997,7.0,1.0,F
stone_little_01,1864.191,-41.725494,956.28357,127.49997,7.0,1.0,F
stone_big_01,1830.3406,-42.352943,851.1549,72.59999,5.8,1.0,F
stone_big_01,1831.2147,-45.813923,909.9284,142.5,7.0,1.0,F
stone_big_01,1838.6635,-43.60785,937.2845,115.200005,7.0,1.0,F
stone_big_01,1853.9618,-41.7255,1003.9994,45.300003,7.0,1.0,F
stone_big_02,1819.4047,-42.980392,984.60864,120.899994,7.0,1.0,F
stone_big_02,1807.2858,-46.74511,908.69,45.899994,7.0,1.0,F
stone_big_02,1848.7743,-41.725494,854.9135,16.799988,7.0,1.0,F
stone_big_02,1846.4895,-44.862747,896.6868,114.89997,7.0,1.0,F
stone_big_03,1835.3611,-45.490204,887.98785,218.09998,6.9999995,1.0,F
stone_big_03,1840.5392,-42.35295,991.0298,103.49996,7.0,1.0,F
stone_big_03,1803.9459,-42.352943,964.1982,66.29995,8.2,1.0,F
stone_little_03,1854.1873,-41.725494,973.50964,94.49997,5.799999,1.0,F
stone_little_03,1834.5331,-42.352943,960.4957,82.199974,7.0,1.0,F
stone_little_03,1816.0845,-42.267586,966.4102,56.099968,7.0,1.0,F
stone_little_03,1800.9105,-44.235294,943.13116,42.89995,7.0,1.0,F
stone_little_03,1801.9973,-46.745106,915.0843,19.499939,7.0,1.0,F
stone_little_03,1778.2189,-46.74511,907.39905,19.199936,7.0,1.0,F
stone_little_03,1782.7749,-46.117645,934.0726,17.099915,7.0,1.0,F
stone_little_03,1785.8259,-44.235294,956.32996,-53.100082,7.0,1.0,F
stone_little_03,1784.2225,-44.862743,982.3573,-57.600098,7.0,1.0,F
stone_little_03,1805.8954,-47.37256,894.7961,-63.300125,7.0,1.0,F
stone_little_03,1827.3766,-42.980392,858.07935,-84.60013,7.0,1.0,F
stone_little_03,1826.8362,-44.235302,869.44604,-98.400085,7.0,1.0,F
stone_little_03,1826.5944,-42.980408,950.139,-125.1001,7.0,1.0,F
stone_little_03,1852.8676,-44.258606,919.0743,-82.80008,7.0,1.0,F
stone_little_03,1842.3601,-44.23529,923.39,-87.00003,7.0,1.0,F
stone_little_03,1835.4758,-43.244186,864.1585,-153.30002,7.0,1.0,F
stone_little_02,1823.7936,-44.862747,876.6945,-192.59998,6.999999,1.0,F
stone_little_02,1853.0433,-44.23529,889.5655,-187.20001,7.0,1.0,F
stone_little_02,1849.5143,-44.235306,928.49176,-182.10004,7.0,1.0,F
stone_little_02,1852.12,-42.35295,960.2131,-176.10007,7.0,1.0,F
stone_little_02,1853.9205,-41.725494,989.411,-176.40005,7.0,1.0,F
stone_little_02,1789.6748,-51.137253,1119.2717,-210.60007,7.0,1.0,F
stone_little_02,1809.8418,-46.09134,1198.4197,-212.1,7.0,1.0,F
stone_little_02,1735.7922,-44.89746,1221.9158,-256.80002,7.0,1.0,F
stone_little_02,1777.5369,-46.325394,1277.3479,-256.80002,7.0,1.0,F
stone_little_02,1791.0355,-51.66371,1334.5096,-251.1,7.0,1.0,F
stone_little_02,1827.3182,-53.64705,1419.1609,-229.79999,7.0,1.0,F
stone_little_02,1825.8734,-63.686264,1498.9365,-226.20001,7.0,1.0,F
stone_little_02,1847.8901,-63.058838,1565.6003,-216.30002,7.0,1.0,F
stone_little_02,1908.8657,-58.03923,1588.325,-212.40002,7.0,1.0,F
stone_little_02,1977.4309,-56.492325,1640.5798,-182.1,7.0,1.0,F
stone_little_02,2024.7406,-53.80269,1648.0806,-164.1,7.0,1.0,F
stone_little_02,1839.7759,-68.078445,1645.4878,-219.29999,7.0,1.0,F
stone_little_02,1816.0496,-67.45097,1535.6609,-261.29993,7.0,1.0,F
stone_little_02,1797.9966,-58.66667,1421.9246,-296.69992,7.0,1.0,F
stone_little_02,1718.7684,-61.803925,1326.7604,-302.3999,7.0,1.0,F
stone_little_02,1714.4492,-48.870865,1231.1394,-344.99988,7.0,1.0,F
stone_little_02,1641.7627,-57.411774,1246.219,-349.79987,7.0,1.0,F
stone_little_02,1595.2283,-51.76471,1164.8431,-358.49988,7.0,1.0,F
stone_little_02,1672.3228,-51.764725,1138.9636,-408.2998,7.0,1.0,F
stone_little_02,1693.6414,-52.903137,1070.7799,-424.19983,7.0,1.0,F
stone_little_02,1698.2217,-47.372543,1010.15906,-432.89984,7.0,1.0,F
stone_little_02,1760.7124,-46.11766,942.83307,-439.79987,7.0,1.0,F
stone_little_02,1788.0958,-47.37256,921.9351,-444.29987,7.0,1.0,F
stone_little_02,1599.8234,-37.333344,805.9972,-320.99985,7.0,1.0,F
stone_little_02,1609.3235,-37.333344,768.46643,-360.5998,7.0,1.0,F
stone_little_02,1577.7004,-37.333344,753.1219,-367.49976,7.0,1.0,F
stone_little_02,1542.231,-37.33333,726.2403,-370.4997,7.0,1.0,F
stone_little_02,1536.6512,-37.33333,695.3362,-382.1997,7.0,1.0,F
stone_little_02,1486.8116,-37.333344,684.41614,-355.49963,7.0,1.0,F
stone_little_02,1572.4187,-37.333344,673.8653,-395.09967,7.0,1.0,F
stone_little_02,1618.9734,-37.333344,708.2357,-431.39966,7.0,1.0,F
stone_little_02,1634.5221,-37.33333,752.0868,-456.8996,7.0,1.0,F
stone_little_02,1629.9003,-37.333344,777.5122,-473.0995,7.0,1.0,F
stone_little_02,1619.9208,-37.333344,725.9882,-437.39966,7.0,1.0,F
stone_little_02,1277.3334,-37.333344,578.5232,-315.8997,7.0,1.0,F
stone_little_02,1255.6849,-37.33333,552.3705,-325.79968,7.0,1.0,F
stone_little_02,1246.4854,-37.33333,513.9589,-338.99957,7.0,1.0,F
stone_little_02,1269.3483,-37.333344,537.3029,-346.19952,7.0,1.0,F
stone_little_02,1194.9744,-37.33333,536.7866,-376.79938,7.0,1.0,F
stone_little_02,1224.9789,-37.333336,451.1889,-431.99915,7.0,1.0,F
stone_little_02,1192.7186,-37.33333,457.7389,-481.79913,7.0,1.0,F
stone_little_02,435.90848,-45.490204,1016.8291,-551.3992,7.0,1.0,F
stone_little_02,417.3867,-44.235306,1054.7168,-556.79913,7.0,1.0,F
stone_little_02,344.01767,-44.235306,1023.18695,-597.8992,7.0,1.0,F
stone_little_02,271.60117,-37.960777,950.5973,-622.49915,7.0,1.0,F
stone_little_02,211.94397,-37.333344,903.68317,-622.49915,7.0,1.0,F
stone_little_02,172.28021,-39.84314,959.12,-579.5992,7.0,1.0,F
stone_little_02,165.67262,-40.470596,1014.747,-550.4992,7.0,1.0,F
stone_little_02,196.60696,-44.862755,1062.1638,-511.49927,7.0,1.0,F
stone_little_02,198.93411,-51.764717,1128.9623,-504.8993,7.0,1.0,F
stone_little_02,271.63635,-48.62745,1104.2032,-453.8993,7.0,1.0,F
stone_little_02,346.36554,-51.137253,1217.0371,-452.0993,7.0,1.0,F
stone_little_02,419.00266,-53.647057,1221.2872,-424.49933,7.0,1.0,F
stone_little_02,504.51874,-53.647057,1148.3535,-382.79932,7.0,1.0,F
stone_little_02,406.83505,-46.117645,1080.7623,-315.29922,7.0,1.0,F
stone_little_02,380.41098,-42.352943,1008.8224,-296.69925,7.0,1.0,F
stone_little_02,320.91443,-38.58824,983.3653,-257.0993,7.0,1.0,F
stone_little_02,234.46269,-43.198875,1017.5143,-220.79932,7.0,1.0,F
stone_little_02,231.49413,-52.39216,1123.6111,-180.59933,7.0,1.0,F
stone_big_01,220.25195,-41.725494,1000.6194,27.900604,8.199999,1.0,F
stone_big_02,218.53395,-41.098053,987.62683,57.900627,8.2,1.0,F
stone_middle_03,234.129,-41.725502,988.19403,53.70063,11.799998,1.0,F
stone_middle_01,214.52234,-41.725494,1023.61664,75.30064,10.599998,1.0,F
stone_middle_02,234.16748,-42.9804,1006.97797,62.700638,11.799999,1.0,F
bush_01,1214.762,-37.333336,458.8728,-14.699982,17.8,1.0,F
bush_01,1558.9852,-37.333336,668.4383,-52.199905,20.2,1.0,F
bush_01,1568.8292,-37.33334,718.53265,-104.39987,16.599998,1.0,F
bush_01,1598.1481,-37.333336,746.08936,-71.099945,16.599998,1.0,F
bush_01,1286.1052,-37.333344,768.49335,13.500076,16.599998,1.0,F
bush_01,467.01663,-45.64035,945.9126,161.10008,21.399998,1.0,F
bush_01,524.8595,-50.26085,1019.86884,177.00008,26.2,1.0,F
bush_01,449.68384,-46.117645,1099.6472,139.20007,20.199999,1.0,F
bush_01,239.73445,-37.33333,910.47394,82.500084,23.8,1.0,F
bush_01,177.35349,-42.352936,1038.6907,116.400085,17.8,1.0,F
bush_01,170.54883,-37.33333,791.7815,25.80008,21.4,1.0,F
bush_01,237.98921,-37.333344,732.3493,17.700119,21.4,1.0,F
bush_01,762.2635,-48.695663,394.61444,-48.29988,29.800001,1.0,F
bush_01,887.9332,-40.470596,377.16135,-86.69992,23.8,1.0,F
bush_01,928.8577,-37.333344,585.22375,-146.09998,22.6,1.0,F
bush_01,818.6957,-53.461365,663.80774,-156.9,23.8,1.0,F
bush_01,989.7612,-42.178543,670.2034,-111.00003,19.0,1.0,F
bush_01,1093.2948,-41.098022,824.53796,-174.60007,27.4,1.0,F
bush_01,1364.2307,-37.33333,284.91318,-6.600052,20.2,1.0,F
bush_01,1151.2935,-37.333344,276.06885,40.49994,17.799997,1.0,F
bush_01,1003.86383,-37.333344,407.98822,58.19996,16.599998,1.0,F
bush_02,976.47,-37.33335,586.5707,140.99997,21.400002,1.0,F
bush_02,929.29376,-43.60785,369.28278,23.699982,22.6,1.0,F
bush_02,787.40173,-46.117645,360.787,42.899994,21.4,1.0,F
bush_02,713.0241,-62.43138,621.01,133.19998,22.6,1.0,F
bush_02,319.89612,-37.33333,785.51654,112.799995,20.2,1.0,F
bush_02,416.80603,-42.980408,972.4221,172.8,17.8,1.0,F
bush_02,318.02094,-37.33333,929.52246,119.40001,18.999998,1.0,F
bush_02,385.7115,-37.960785,891.01447,118.8,20.2,1.0,F
bush_02,1702.8519,-53.019608,1132.9058,-89.400055,21.4,1.0,F
bush_02,1671.3461,-50.50981,1099.604,-133.50003,21.400003,1.0,F
bush_02,1734.0054,-46.11766,1175.468,-90.00006,25.000002,1.0,F
bush_02,1782.5645,-51.764725,1068.404,17.999954,23.8,1.0,F
bush_02,1399.8312,-37.333344,959.9603,63.89997,21.400003,1.0,F
bush_02,1352.0951,-37.333336,890.17755,118.499985,18.999998,1.0,F
bush_02,1309.6355,-37.333344,945.5926,150.59998,23.8,1.0,F
bush_02,1324.6455,-37.333336,857.9759,82.79998,15.399999,1.0,F
bush_02,1204.18,-37.33333,869.51483,54.89998,17.800001,1.0,F
bush_02,1522.2609,-37.33333,718.2167,-58.80005,19.0,1.0,F
bush_02,1555.3853,-37.33335,771.1111,-84.60007,19.0,1.0,F
bush_03,1508.6753,-37.333344,510.67404,-59.700043,23.800003,1.0,F
bush_03,1445.5676,-37.33333,362.08328,-71.100006,11.799998,1.0,F
bush_03,1309.5219,-37.33333,289.6829,18.300049,16.599998,1.0,F
bush_03,944.7871,-40.47058,641.2459,139.80003,18.999998,1.0,F
bush_03,850.425,-42.980392,350.3292,40.200027,22.6,1.0,F
bush_03,853.4082,-48.627457,656.72186,155.70004,17.8,1.0,F
bush_03,1027.3892,-51.2493,821.3349,221.10004,20.199999,1.0,F
bush_03,1063.6344,-42.980392,882.3472,200.40004,16.6,1.0,F
bush_03,1275.2731,-37.333344,915.9546,274.2,23.800001,1.0,F
bush_03,1408.6198,-39.84314,1046.6382,253.5,25.000002,1.0,F
bush_03,1715.231,-54.274506,1057.4348,183.89998,24.999998,1.0,F
bush_03,1814.9086,-49.88237,1113.7151,136.79999,26.2,1.0,F
bush_03,1795.4319,-44.862762,1193.9558,102.899956,28.6,1.0,F
bush_03,1089.6133,-41.725494,1497.8534,127.79996,25.0,1.0,F
bush_03,1194.0107,-37.333344,1513.3583,167.39996,23.800001,1.0,F
bush_03,1467.8203,-62.431366,1505.9834,251.39996,22.6,1.0,F
bush_03,1508.0651,-55.52942,1647.62,210.59998,22.6,1.0,F
bush_03,1456.61,-48.0,1786.3185,170.69997,26.199999,1.0,F
bush_03,1326.4263,-56.156876,1942.868,149.99997,19.0,1.0,F
bush_03,1152.8823,-37.333336,1767.2385,75.299965,23.8,1.0,F
bush_02,1257.3148,-55.529404,1889.9312,111.0,27.400002,1.0,F
bush_02,1218.4159,-42.868057,1817.665,66.9,27.4,1.0,F
bush_02,1438.3483,-53.64708,1633.7953,-30.0,19.0,1.0,F
bush_02,1330.1304,-51.137253,1713.0752,10.800034,26.2,1.0,F
bush_02,1312.5625,-46.745102,1541.9072,7.5000305,18.999998,1.0,F
bush_02,1199.857,-46.11766,1391.9766,-7.7999725,27.399994,1.0,F
bush_02,58.900314,-42.71804,1550.175,45.0,20.199999,1.0,F
bush_02,151.35097,-56.607086,1493.0115,-24.299973,29.800001,1.0,F
bush_02,267.17365,-47.399643,1577.2704,-83.69998,20.2,1.0,F
bush_03,344.62088,-54.718857,1666.1053,-81.00003,27.4,1.0,F
bush_03,468.5692,-56.784332,1893.9084,-119.69995,22.6,1.0,F
bush_03,439.50116,-46.745102,1997.2671,-179.99994,26.200003,1.0,F
bush_03,536.9463,-59.294113,1832.302,-61.799942,25.0,1.0,F
bush_03,425.76694,-64.313736,1720.0217,-34.799942,21.400002,1.0,F
bush_03,438.50574,-48.62745,1168.5198,-91.19992,39.399994,1.0,F
bush_03,500.27356,-51.13726,1093.2118,-68.699844,32.2,1.0,F
bush_03,214.07115,-52.39216,1137.4515,88.80015,25.000002,1.0,F
flower_02,277.22546,-37.33334,934.66736,57.90017,15.399997,1.0,F
flower_02,269.85498,-41.09804,981.99316,93.30017,11.799999,1.0,F
flower_02,235.03424,-46.745102,1073.0707,121.20017,12.999999,1.0,F
flower_01,1238.5303,-37.33334,503.17056,20.700012,10.599999,1.0,F
flower_01,1259.0592,-37.33334,500.61438,-45.59999,10.599998,1.0,F
flower_02,1226.1464,-37.33334,508.67047,-10.799973,10.599999,1.0,F
flower_02,1176.2682,-37.33334,465.2371,-79.20001,9.399999,1.0,F
flower_02,1257.8909,-37.333336,517.959,-101.400055,9.399999,1.0,F
flower_02,1265.5009,-37.33334,483.47797,-30.600037,9.399999,1.0,F
flower_02,1114.2897,-37.333336,619.55,-237.90002,9.4,1.0,F
flower_02,1085.6348,-37.333332,579.94885,-223.80002,10.599999,1.0,F
flower_02,1163.1779,-37.333336,704.74036,-199.49997,14.2,1.0,F
flower_02,1191.6207,-37.33334,734.24884,-238.19998,12.999999,1.0,F
flower_02,1325.9099,-37.333336,790.7009,-190.20007,14.199999,1.0,F
flower_02,1232.2616,-37.33334,567.4389,-315.30005,6.9999995,1.0,F
flower_02,1262.5857,-37.333336,574.95734,-331.5,5.799999,1.0,F
flower_02,1285.4897,-37.333336,547.84174,-356.10004,4.5999994,1.0,F
flower_02,1316.4425,-37.33334,508.106,-361.80005,9.4,1.0,F
flower_02,1286.034,-37.333336,462.64392,-330.60007,9.399999,1.0,F
flower_03,1223.745,-37.333336,558.0642,-308.70013,10.599999,1.0,F
flower_03,1250.5842,-37.333332,562.22375,-363.90015,8.2,1.0,F
flower_03,1281.1016,-37.33334,533.39435,-378.00012,8.2,1.0,F
flower_03,1246.5818,-37.333336,531.6795,-344.70026,4.5999994,1.0,F
flower_03,1250.1864,-37.33334,503.74893,-372.60016,9.399999,1.0,F
flower_03,1235.125,-37.333336,546.481,-361.80017,9.4,1.0,F
flower_03,1220.9575,-37.333344,530.92194,-417.9001,8.199999,1.0,F
flower_03,1234.6862,-37.33334,525.68536,-421.2,4.5999994,1.0,F
grass_01,1262.8113,-37.333336,563.8364,-340.80017,11.800001,1.0,F
grass_01,1281.2032,-37.333336,538.8385,-378.0,9.399999,1.0,F
grass_01,1250.2794,-37.333344,523.374,-336.60004,9.399999,1.0,F
grass_01,1228.2505,-37.333336,537.9569,-283.50003,6.999999,1.0,F
grass_01,1239.9723,-37.333336,557.5198,-267.00003,6.999999,1.0,F
grass_01,1242.3002,-37.333344,574.14087,-283.5,8.2,1.0,F
grass_01,1222.6642,-37.33334,547.47864,-305.40002,8.199999,1.0,F
grass_01,1236.3408,-37.333336,512.41144,-403.8,8.2,1.0,F
grass_01,1271.3503,-37.333344,525.0557,-462.29993,6.999999,1.0,F
grass_01,1278.3751,-37.333336,556.17755,-470.09998,10.599999,1.0,F
grass_01,1296.1539,-37.33334,537.3668,-419.40015,11.799998,1.0,F
grass_02,1273.1383,-37.333336,569.1013,-319.50015,8.199999,1.0,F
grass_02,1231.5233,-37.333336,557.1499,-294.0001,8.2,1.0,F
grass_02,1242.6913,-37.333336,546.4851,-332.4001,8.2,1.0,F
grass_02,1263.4656,-37.33334,524.5805,-434.40002,5.799999,1.0,F
grass_02,1257.0906,-37.333336,537.3974,-461.99994,6.999999,1.0,F
grass_02,1289.0352,-37.333344,550.36017,-474.29993,6.9999995,1.0,F
mushroom_01,1238.0255,-37.333336,491.9773,-365.7,5.8,1.0,F
mushroom_01,1232.2302,-37.333336,491.06705,-389.99994,5.799999,1.0,F
mushroom_01,1239.0873,-37.333332,471.32715,-552.0,5.799999,1.0,F
mushroom_01,1229.6163,-37.333336,471.1111,-568.5,5.7999997,1.0,F
mushroom_02,1242.1763,-37.33334,493.6838,-392.40033,7.0,1.0,F
mushroom_02,1234.4159,-37.333336,493.95157,-370.20026,5.799999,1.0,F
mushroom_02,1171.607,-37.333336,496.95456,-336.90015,3.3999996,1.0,F
mushroom_02,1173.3411,-37.333336,492.58322,-325.50015,3.3999996,1.0,F
mushroom_02,1190.3468,-37.333336,473.27292,-371.40033,4.5999994,1.0,F
mushroom_02,1200.3722,-37.333336,472.5097,-394.50024,4.5999994,1.0,F
grass_01,1283.6421,-37.33334,471.63547,214.5,8.4,1.0,F
grass_01,1272.0303,-37.333336,472.58826,165.0,8.4,1.0,F
grass_01,1292.0214,-37.33334,488.8457,148.2,6.0,1.0,F
grass_01,1307.8717,-37.33334,498.67346,148.2,7.2,1.0,F
grass_01,1320.7252,-37.333336,524.4581,55.799995,7.2,1.0,F
grass_01,1311.261,-37.33334,514.53485,81.9,8.4,1.0,F
grass_02,1312.9169,-37.333336,522.9209,108.00001,8.4,1.0,F
grass_02,1309.3033,-37.333336,560.73584,83.7,9.599999,1.0,F
grass_02,1322.6622,-37.333336,548.6478,80.09998,8.4,1.0,F
grass_02,1321.563,-37.333344,537.5105,70.49997,7.2,1.0,F
grass_02,1285.3728,-37.333336,491.57288,72.89997,8.4,1.0,F
grass_02,1305.9178,-37.333336,510.319,141.29997,9.599999,1.0,F
grass_01,1241.458,-37.333336,554.54816,382.2,3.4880507,1.0,F
grass_01,1355.9868,-37.333336,887.80383,168.59999,14.078674,1.0,F
grass_01,1347.5718,-37.333336,856.4754,168.59999,14.078674,1.0,F
grass_01,1364.9988,-37.333336,878.86224,168.59999,14.078674,1.0,F
grass_01,1347.8467,-37.333336,865.6758,168.59999,14.078674,1.0,F
grass_01,1355.3616,-37.333336,857.39996,168.59999,14.078674,1.0,F
grass_01,1376.8855,-37.333336,849.0892,168.59999,14.078674,1.0,F
grass_01,1374.9913,-37.333336,893.2706,168.59999,14.078674,1.0,F
grass_01,1367.455,-37.333336,872.3808,168.59999,14.078674,1.0,F
grass_01,1339.4445,-37.333336,853.2253,168.59999,14.078674,1.0,F
grass_01,1343.9735,-37.333336,894.80585,168.59999,14.078674,1.0,F
grass_01,1423.9576,-37.333336,928.70544,152.4,22.387478,1.0,F
grass_01,1419.2966,-37.333336,905.58685,152.4,22.387478,1.0,F
grass_01,1442.4972,-37.333336,950.20996,152.4,22.387478,1.0,F
grass_01,1437.3738,-37.333336,931.3973,152.4,22.387478,1.0,F
grass_01,1402.746,-37.333336,926.1071,152.4,22.387478,1.0,F
grass_01,1414.614,-37.333336,915.6028,152.4,22.387478,1.0,F
grass_01,1398.901,-37.333336,907.4507,152.4,22.387478,1.0,F
grass_01,1418.868,-37.333336,916.3334,152.4,22.387478,1.0,F
grass_01,1406.5553,-37.33334,932.9374,152.4,22.387478,1.0,F
grass_01,1405.2017,-37.333336,922.41626,152.4,22.387478,1.0,F
grass_01,1371.3134,-37.333336,961.6931,142.79999,16.530075,1.0,F
grass_01,1354.2952,-37.333336,949.7383,142.79999,16.530075,1.0,F
grass_01,1382.2328,-37.333336,954.5268,142.79999,16.530075,1.0,F
grass_01,1386.3656,-37.333336,973.6748,142.79999,16.530075,1.0,F
grass_01,1374.9565,-37.333336,979.8683,142.79999,16.530075,1.0,F
grass_01,1368.4119,-37.333336,966.35614,142.79999,16.530075,1.0,F
grass_01,1364.8634,-37.333336,960.83435,142.79999,16.530075,1.0,F
grass_01,1345.8856,-37.33334,944.48175,142.79999,16.530075,1.0,F
grass_01,1371.302,-37.333336,952.0641,142.79999,16.530075,1.0,F
grass_01,1388.4131,-37.333336,982.3355,142.79999,16.530075,1.0,F
grass_01,1314.0707,-37.333336,900.92944,99.59998,14.953037,1.0,F
grass_01,2624.4355,0.0,1808.1731,99.59998,14.953037,1.0,F
grass_01,1296.3865,-37.333336,919.55414,99.59998,14.953037,1.0,F
grass_01,1311.5995,-37.333336,878.6793,99.59998,14.953037,1.0,F
grass_01,1318.4625,-37.333336,875.6094,99.59998,14.953037,1.0,F
grass_01,1331.6848,-37.333336,905.1655,99.59998,14.953037,1.0,F
grass_01,1288.6578,-37.333336,888.1522,99.59998,14.953037,1.0,F
grass_01,1328.1951,-37.333336,877.177,99.59998,14.953037,1.0,F
grass_01,1284.2781,-37.333336,911.8003,99.59998,14.953037,1.0,F
grass_01,1285.2383,-37.333336,891.0057,99.59998,14.953037,1.0,F
grass_01,1303.4911,-37.333336,888.20276,99.59998,14.953037,1.0,F
grass_01,1660.5677,-50.984737,1125.0763,223.49997,28.064882,1.0,F
grass_01,1667.6427,-51.137257,1127.1715,223.49997,28.064882,1.0,F
grass_01,1675.9733,-51.76471,1140.3431,223.49997,28.064882,1.0,F
grass_01,1692.8121,-53.64706,1108.9517,223.49997,28.064882,1.0,F
grass_01,1676.4136,-51.76471,1132.557,223.49997,28.064882,1.0,F
grass_01,2948.209,0.0,1853.265,223.49997,28.064882,1.0,F
grass_01,1683.9464,-53.019608,1124.1475,223.49997,28.064882,1.0,F
grass_01,1700.3015,-53.063797,1131.482,223.49997,28.064882,1.0,F
grass_01,1665.9364,-51.76471,1156.2097,223.49997,28.064882,1.0,F
grass_01,1677.6968,-52.39216,1114.8748,223.49997,28.064882,1.0,F
grass_01,1666.1599,-51.137253,1125.1622,223.49997,28.064882,1.0,F
grass_01,1280.4253,-37.333336,750.7381,103.19996,10.461149,1.0,F
grass_01,1263.816,-37.333336,742.24164,103.19996,10.461149,1.0,F
grass_01,1285.3798,-37.333336,766.2354,103.19996,10.461149,1.0,F
grass_01,1285.174,-37.333336,738.3543,103.19996,10.461149,1.0,F
grass_01,1307.5988,-37.333336,748.5284,103.19996,10.461149,1.0,F
grass_01,1273.7821,-37.333332,761.11334,103.19996,10.461149,1.0,F
grass_01,1287.7966,-37.333336,771.07605,103.19996,10.461149,1.0,F
grass_01,1304.8368,-37.333336,739.2412,103.19996,10.461149,1.0,F
grass_01,1277.364,-37.333336,770.16223,103.19996,10.461149,1.0,F
grass_01,1264.9325,-37.333336,759.1903,103.19996,10.461149,1.0,F
grass_01,1534.1132,-37.333336,353.4827,-5.700058,17.9108,1.0,F
grass_01,1521.9706,-37.333336,362.744,-5.700058,17.9108,1.0,F
grass_01,1538.4191,-37.333336,370.1703,-5.700058,17.9108,1.0,F
grass_01,1531.1902,-37.333336,337.13187,-5.700058,17.9108,1.0,F
grass_01,1539.1088,-37.333336,336.72607,-5.700058,17.9108,1.0,F
grass_01,1552.8704,-37.333336,359.8149,-5.700058,17.9108,1.0,F
grass_01,1542.7249,-37.333332,350.82187,-5.700058,17.9108,1.0,F
grass_01,1544.2936,-37.333336,353.81964,-5.700058,17.9108,1.0,F
grass_01,2759.0864,0.0,993.6293,-5.700058,17.9108,1.0,F
grass_01,1549.8969,-37.333336,335.442,-5.700058,17.9108,1.0,F
grass_01,1535.0221,-37.333336,361.444,-5.700058,17.9108,1.0,F
grass_01,957.59064,-50.509804,294.42148,103.199974,30.920673,1.0,F
grass_01,2075.546,0.0,732.2191,103.199974,30.920673,1.0,F
grass_01,988.1664,-47.44593,282.02075,103.199974,30.920673,1.0,F
grass_01,975.81903,-49.039967,286.855,103.199974,30.920673,1.0,F
grass_01,997.9562,-44.2353,321.9368,103.199974,30.920673,1.0,F
grass_01,963.0747,-50.509804,298.05505,103.199974,30.920673,1.0,F
grass_01,995.5024,-44.774654,320.2805,103.199974,30.920673,1.0,F
grass_01,996.37885,-44.862747,309.60248,103.199974,30.920673,1.0,F
grass_01,966.6157,-49.254906,311.9516,103.199974,30.920673,1.0,F
grass_01,970.98816,-48.568428,315.7342,103.199974,30.920673,1.0,F
grass_01,960.85406,-51.137253,277.47775,103.199974,30.920673,1.0,F
grass_01,1148.0165,-37.333336,657.5292,187.19997,15.918467,1.0,F
grass_01,1154.2064,-37.333336,683.5047,187.19997,15.918467,1.0,F
grass_01,1148.8035,-37.333336,673.92017,187.19997,15.918467,1.0,F
grass_01,1161.3228,-37.333336,660.6046,187.19997,15.918467,1.0,F
grass_01,1144.0684,-37.333336,648.69556,187.19997,15.918467,1.0,F
grass_01,1174.6289,-37.333336,680.90784,187.19997,15.918467,1.0,F
grass_01,1143.7766,-37.333336,654.3188,187.19997,15.918467,1.0,F
grass_01,1155.1343,-37.333336,647.3482,187.19997,15.918467,1.0,F
grass_01,1148.3898,-37.333336,683.9623,187.19997,15.918467,1.0,F
grass_01,2051.4146,0.0,926.13153,187.19997,15.918467,1.0,F
grass_01,1170.0371,-37.333336,660.9559,187.19997,15.918467,1.0,F
flower_01,1274.063,-37.333336,578.1006,72.6,1.3973874,1.0,F
flower_01,1262.7335,-37.333336,574.51056,72.6,1.3973874,1.0,F
flower_01,1262.8676,-37.333336,582.67456,72.6,1.3973874,1.0,F
flower_01,1257.481,-37.333336,592.2403,72.6,1.3973874,1.0,F
flower_01,1273.6381,-37.333332,558.19214,72.6,1.3973874,1.0,F
flower_01,1239.157,-37.333336,597.8517,72.6,1.3973874,1.0,F
flower_01,1257.7489,-37.333336,560.86066,72.6,1.3973874,1.0,F
flower_01,1262.7083,-37.333336,560.8937,72.6,1.3973874,1.0,F
flower_01,2559.962,0.0,1105.8066,72.6,1.3973874,1.0,F
flower_01,1280.2289,-37.333336,599.7291,72.6,1.3973874,1.0,F
flower_01,1241.2335,-37.333336,585.5417,72.6,1.3973874,1.0,F
flower_01,1289.64,-37.333336,555.8363,48.600006,2.7442327,1.0,F
flower_01,1306.5792,-37.333336,564.17474,48.600006,2.7442327,1.0,F
flower_01,1318.931,-37.333336,534.4068,48.600006,2.7442327,1.0,F
flower_01,1320.7478,-37.333336,527.3398,48.600006,2.7442327,1.0,F
flower_01,1299.2225,-37.333336,555.63824,48.600006,2.7442327,1.0,F
flower_01,1273.9283,-37.333336,555.32697,48.600006,2.7442327,1.0,F
flower_01,1283.9323,-37.333336,531.009,48.600006,2.7442327,1.0,F
flower_01,1300.3942,-37.333336,550.3116,48.600006,2.7442327,1.0,F
flower_01,1287.529,-37.333336,567.74164,48.600006,2.7442327,1.0,F
flower_01,2512.0913,0.0,1080.404,48.600006,2.7442327,1.0,F
flower_01,1312.971,-37.333336,569.10834,48.600006,2.7442327,1.0,F
flower_01,1303.3845,-37.333336,547.63226,58.200005,1.019946,1.0,F
flower_01,1296.0942,-37.333336,566.6357,58.200005,1.019946,1.0,F
flower_01,1297.5166,-37.333336,583.6605,58.200005,1.019946,1.0,F
flower_01,1281.865,-37.333332,553.65393,58.200005,1.019946,1.0,F
flower_01,1310.7686,-37.333336,578.457,58.200005,1.019946,1.0,F
flower_01,1270.9988,-37.333336,561.26715,58.200005,1.019946,1.0,F
flower_01,1272.9039,-37.333336,581.1593,58.200005,1.019946,1.0,F
flower_01,1271.7029,-37.333336,586.5023,58.200005,1.019946,1.0,F
flower_01,2539.9326,0.0,1065.0474,58.200005,1.019946,1.0,F
flower_01,1270.4375,-37.333336,569.96155,58.200005,1.019946,1.0,F
flower_01,1278.0618,-37.333336,586.1361,58.200005,1.019946,1.0,F
flower_01,1442.5254,-37.333336,913.6622,165.3,0.096429825,1.0,F
flower_01,2672.315,0.0,1436.1292,165.3,0.096429825,1.0,F
flower_01,1447.5876,-37.333336,928.085,165.3,0.096429825,1.0,F
flower_01,1437.817,-37.333336,903.81396,165.3,0.096429825,1.0,F
flower_01,1422.4341,-37.333336,938.36633,165.3,0.096429825,1.0,F
flower_01,1447.824,-37.333336,935.09485,165.3,0.096429825,1.0,F
flower_01,1438.7683,-37.333336,945.2889,165.3,0.096429825,1.0,F
flower_01,1448.8777,-37.333336,926.3507,165.3,0.096429825,1.0,F
flower_01,1429.224,-37.333336,929.0436,165.3,0.096429825,1.0,F
flower_01,1442.4197,-37.333336,933.60443,165.3,0.096429825,1.0,F
flower_01,1407.796,-37.333336,923.963,165.3,0.096429825,1.0,F
flower_01,2474.457,0.0,982.2885,47.69995,11.262114,1.0,F
flower_01,1241.0134,-37.333336,550.2303,47.69995,11.262114,1.0,F
flower_01,1267.3849,-37.333336,574.24817,47.69995,11.262114,1.0,F
flower_01,1280.6946,-37.333336,564.4154,47.69995,11.262114,1.0,F
flower_01,1248.6683,-37.333336,544.7007,47.69995,11.262114,1.0,F
flower_01,1263.3306,-37.333336,540.5394,47.69995,11.262114,1.0,F
flower_01,1273.7886,-37.333336,572.3178,47.69995,11.262114,1.0,F
flower_01,1282.1976,-37.333336,581.616,47.69995,11.262114,1.0,F
flower_01,1289.5824,-37.333336,574.6918,47.69995,11.262114,1.0,F
flower_01,1261.5492,-37.333336,579.4804,47.69995,11.262114,1.0,F
flower_01,1275.2894,-37.333336,567.50323,47.69995,11.262114,1.0,F
flower_01,1378.2473,-37.333336,945.34296,175.49995,17.312803,1.0,F
flower_01,1398.748,-37.333336,928.5056,175.49995,17.312803,1.0,F
flower_01,2616.6907,0.0,1452.1047,175.49995,17.312803,1.0,F
flower_01,1373.7347,-37.333336,923.14465,175.49995,17.312803,1.0,F
flower_01,1376.897,-37.333336,932.6049,175.49995,17.312803,1.0,F
flower_01,1408.1873,-37.333336,957.50433,175.49995,17.312803,1.0,F
flower_01,1366.3641,-37.333336,953.17834,175.49995,17.312803,1.0,F
flower_01,1379.1937,-37.333336,947.4208,175.49995,17.312803,1.0,F
flower_01,1399.6046,-37.333336,934.8654,175.49995,17.312803,1.0,F
flower_01,1370.4962,-37.333336,918.9606,175.49995,17.312803,1.0,F
flower_01,1408.6654,-37.33334,931.52124,175.49995,17.312803,1.0,F
flower_01,2680.2705,0.0,1809.7192,146.09996,24.182953,1.0,F
flower_01,1319.7816,-37.333336,900.0915,146.09996,24.182953,1.0,F
flower_01,1359.562,-37.33334,927.8917,146.09996,24.182953,1.0,F
flower_01,1325.0891,-37.333336,908.86475,146.09996,24.182953,1.0,F
flower_01,1359.441,-37.333336,938.72095,146.09996,24.182953,1.0,F
flower_01,1325.2513,-37.333336,914.10724,146.09996,24.182953,1.0,F
flower_01,1342.9282,-37.333336,901.1316,146.09996,24.182953,1.0,F
flower_01,1365.2773,-37.333336,904.8553,146.09996,24.182953,1.0,F
flower_01,1329.8572,-37.333336,899.18036,146.09996,24.182953,1.0,F
flower_01,1352.3539,-37.333336,897.9077,146.09996,24.182953,1.0,F
flower_01,1323.7714,-37.333336,917.3927,146.09996,24.182953,1.0,F
flower_01,1720.5741,-53.019608,1118.8965,210.89996,33.39376,1.0,F
flower_01,1725.8596,-53.64706,1104.4023,210.89996,33.39376,1.0,F
flower_01,1713.3707,-54.901962,1102.2444,210.89996,33.39376,1.0,F
flower_01,3021.905,0.0,1995.0859,210.89996,33.39376,1.0,F
flower_01,1709.6995,-54.901962,1101.1904,210.89996,33.39376,1.0,F
flower_01,1743.3157,-50.509804,1122.0233,210.89996,33.39376,1.0,F
flower_01,1706.2723,-54.901962,1111.2563,210.89996,33.39376,1.0,F
flower_01,1713.5101,-54.274517,1112.706,210.89996,33.39376,1.0,F
flower_01,1721.0265,-49.882355,1146.0331,210.89996,33.39376,1.0,F
flower_01,1706.7073,-51.137257,1146.2299,210.89996,33.39376,1.0,F
flower_01,1725.9818,-51.137257,1133.2083,210.89996,33.39376,1.0,F
flower_01,1765.2241,-44.862743,1168.0929,160.79994,19.80626,1.0,F
flower_01,1787.0874,-46.615135,1170.7788,160.79994,19.80626,1.0,F
flower_01,1764.3507,-47.37255,1148.0437,160.79994,19.80626,1.0,F
flower_01,1771.6135,-49.254906,1137.0045,160.79994,19.80626,1.0,F
flower_01,1767.7294,-45.490196,1163.85,160.79994,19.80626,1.0,F
flower_01,1781.9368,-49.2549,1145.1556,160.79994,19.80626,1.0,F
flower_01,3445.6152,0.0,2187.8718,160.79994,19.80626,1.0,F
flower_01,1760.3478,-49.882355,1129.5905,160.79994,19.80626,1.0,F
flower_01,1775.0966,-49.254906,1136.5927,160.79994,19.80626,1.0,F
flower_01,1787.6858,-49.882355,1139.0853,160.79994,19.80626,1.0,F
flower_01,1760.2717,-49.882355,1132.5518,160.79994,19.80626,1.0,F
flower_01,1738.204,-53.64706,1052.8326,150.89993,30.150145,1.0,F
flower_01,1707.7175,-54.347496,1093.1016,150.89993,30.150145,1.0,F
flower_01,1717.2983,-54.274513,1081.8555,150.89993,30.150145,1.0,F
flower_01,1728.7144,-53.64706,1056.9279,150.89993,30.150145,1.0,F
flower_01,1739.1978,-53.019608,1089.1155,150.89993,30.150145,1.0,F
flower_01,1731.0393,-53.647057,1077.5536,150.89993,30.150145,1.0,F
flower_01,1719.9406,-54.274513,1073.8516,150.89993,30.150145,1.0,F
flower_01,1718.8451,-54.274513,1090.3285,150.89993,30.150145,1.0,F
flower_01,1745.4182,-53.331886,1079.0292,150.89993,30.150145,1.0,F
flower_01,1710.2391,-53.647057,1050.6284,150.89993,30.150145,1.0,F
flower_01,3448.4722,0.0,2174.313,150.89993,30.150145,1.0,F
flower_01,1275.4124,-37.333336,488.9497,86.10003,11.39636,1.0,F
flower_01,1279.5791,-37.333336,491.36145,86.10003,11.39636,1.0,F
flower_01,1269.94,-37.333336,518.12134,86.10003,11.39636,1.0,F
flower_01,1307.183,-37.333336,486.88022,86.10003,11.39636,1.0,F
flower_01,1286.89,-37.333336,494.87308,86.10003,11.39636,1.0,F
flower_01,1278.881,-37.333336,495.92078,86.10003,11.39636,1.0,F
flower_01,1275.2339,-37.333336,522.32587,86.10003,11.39636,1.0,F
flower_01,2467.2817,0.0,1007.4884,86.10003,11.39636,1.0,F
flower_01,1298.4663,-37.333336,481.86,86.10003,11.39636,1.0,F
flower_01,1303.6405,-37.333332,529.94635,86.10003,11.39636,1.0,F
flower_01,1305.3428,-37.333336,498.88193,86.10003,11.39636,1.0,F
flower_01,1318.271,-37.333336,769.89935,117.600044,4.8966846,1.0,F
flower_01,1270.6829,-37.333336,730.6264,117.600044,4.8966846,1.0,F
flower_01,1277.7142,-37.333336,736.1164,117.600044,4.8966846,1.0,F
flower_01,1318.6006,-37.333336,770.43256,117.600044,4.8966846,1.0,F
flower_01,1271.3741,-37.333336,739.5936,117.600044,4.8966846,1.0,F
flower_01,1276.2153,-37.333336,759.2415,117.600044,4.8966846,1.0,F
flower_01,1283.3042,-37.333336,735.128,117.600044,4.8966846,1.0,F
flower_01,1278.3342,-37.333336,748.2959,117.600044,4.8966846,1.0,F
flower_01,2457.2124,0.0,1519.7634,117.600044,4.8966846,1.0,F
flower_01,1315.9323,-37.333336,771.14136,117.600044,4.8966846,1.0,F
flower_01,1307.5161,-37.333332,740.92194,117.600044,4.8966846,1.0,F
flower_01,1278.1403,-37.333336,759.69617,131.40005,6.060919,1.0,F
flower_01,2524.5864,0.0,1452.2977,131.40005,6.060919,1.0,F
flower_01,1274.012,-37.333336,730.57056,131.40005,6.060919,1.0,F
flower_01,1274.4373,-37.333336,736.2967,131.40005,6.060919,1.0,F
flower_01,1275.2253,-37.333336,746.54517,131.40005,6.060919,1.0,F
flower_01,1273.9856,-37.333336,747.0905,131.40005,6.060919,1.0,F
flower_01,1258.0089,-37.333336,743.66626,131.40005,6.060919,1.0,F
flower_01,1296.5559,-37.333336,728.6156,131.40005,6.060919,1.0,F
flower_01,1293.7225,-37.333336,744.5555,131.40005,6.060919,1.0,F
flower_01,1288.9767,-37.333336,744.88104,131.40005,6.060919,1.0,F
flower_01,1295.6067,-37.333336,772.3431,131.40005,6.060919,1.0,F
flower_01,1154.6334,-37.333336,650.2106,119.700066,4.1253614,1.0,F
flower_01,1146.1766,-37.333336,646.9852,119.700066,4.1253614,1.0,F
flower_01,1167.2174,-37.333336,644.5357,119.700066,4.1253614,1.0,F
flower_01,1164.3558,-37.333336,664.5539,119.700066,4.1253614,1.0,F
flower_01,1137.1866,-37.333336,680.44116,119.700066,4.1253614,1.0,F
flower_01,2259.3535,0.0,1258.3536,119.700066,4.1253614,1.0,F
flower_01,1167.0239,-37.33334,690.8794,119.700066,4.1253614,1.0,F
flower_01,1135.4827,-37.333336,664.09125,119.700066,4.1253614,1.0,F
flower_01,1156.3579,-37.333336,674.3106,119.700066,4.1253614,1.0,F
flower_01,1163.8889,-37.333336,659.2301,119.700066,4.1253614,1.0,F
flower_01,1150.8866,-37.333336,668.6592,119.700066,4.1253614,1.0,F
flower_01,1155.7617,-37.333336,672.1403,129.90007,12.75218,1.0,F
flower_01,2257.7515,0.0,1274.6637,129.90007,12.75218,1.0,F
flower_01,1158.1461,-37.333336,667.32684,129.90007,12.75218,1.0,F
flower_01,1140.3647,-37.333336,654.3504,129.90007,12.75218,1.0,F
flower_01,1153.2223,-37.333336,661.6196,129.90007,12.75218,1.0,F
flower_01,1158.7009,-37.333336,650.5397,129.90007,12.75218,1.0,F
flower_01,1158.2772,-37.333336,664.0049,129.90007,12.75218,1.0,F
flower_01,1169.5243,-37.333336,676.86597,129.90007,12.75218,1.0,F
flower_01,1164.7539,-37.333336,690.13153,129.90007,12.75218,1.0,F
flower_01,1152.8846,-37.333336,663.8139,129.90007,12.75218,1.0,F
flower_01,1163.3372,-37.333336,662.9703,129.90007,12.75218,1.0,F
flower_01,1106.8071,-42.352943,271.65707,25.800018,17.306087,1.0,F
flower_01,1122.0518,-41.725494,258.13907,25.800018,17.306087,1.0,F
flower_01,1126.2733,-39.21569,270.95325,25.800018,17.306087,1.0,F
flower_01,1119.5885,-41.725494,260.13965,25.800018,17.306087,1.0,F
flower_01,1134.335,-41.098038,258.3063,25.800018,17.306087,1.0,F
flower_01,1114.0999,-41.098038,268.82645,25.800018,17.306087,1.0,F
flower_01,2256.418,0.0,577.7157,25.800018,17.306087,1.0,F
flower_01,1124.2902,-37.333336,303.27258,25.800018,17.306087,1.0,F
flower_01,1105.7095,-41.098045,276.98953,25.800018,17.306087,1.0,F
flower_01,1117.0848,-42.002945,261.14594,25.800018,17.306087,1.0,F
flower_01,1105.8134,-42.980392,265.18134,25.800018,17.306087,1.0,F
flower_01,1465.4032,-37.333336,605.80316,2.4000244,7.574384,1.0,F
flower_01,1468.658,-37.333336,615.0633,2.4000244,7.574384,1.0,F
flower_01,1441.7479,-37.333336,626.276,2.4000244,7.574384,1.0,F
flower_01,1458.2024,-37.333336,608.92505,2.4000244,7.574384,1.0,F
flower_01,1461.0122,-37.333336,622.01404,2.4000244,7.574384,1.0,F
flower_01,1444.1586,-37.333336,634.762,2.4000244,7.574384,1.0,F
flower_01,1461.958,-37.333336,602.72943,2.4000244,7.574384,1.0,F
flower_01,1448.2476,-37.333336,589.0965,2.4000244,7.574384,1.0,F
flower_01,2508.8843,0.0,960.69305,2.4000244,7.574384,1.0,F
flower_01,1460.7046,-37.333336,614.4146,2.4000244,7.574384,1.0,F
flower_01,1455.8828,-37.333336,590.2718,2.4000244,7.574384,1.0,F
flower_02,1285.3442,-37.333336,535.1391,83.1,11.079092,1.0,F
flower_02,1318.8126,-37.333336,538.2545,83.1,11.079092,1.0,F
flower_02,1304.976,-37.333336,556.8666,83.1,11.079092,1.0,F
flower_02,1281.3994,-37.333336,555.1252,83.1,11.079092,1.0,F
flower_02,1297.5051,-37.333336,546.4884,83.1,11.079092,1.0,F
flower_02,1298.5165,-37.333336,572.0355,83.1,11.079092,1.0,F
flower_02,1312.4042,-37.333336,531.48315,83.1,11.079092,1.0,F
flower_02,1297.5645,-37.333336,570.7911,83.1,11.079092,1.0,F
flower_02,2635.6423,0.0,1023.94836,83.1,11.079092,1.0,F
flower_02,1314.8838,-37.333336,538.799,83.1,11.079092,1.0,F
flower_02,1309.5605,-37.333336,549.41626,83.1,11.079092,1.0,F
flower_02,1230.7329,-37.333336,565.8164,28.200012,10.16829,1.0,F
flower_02,1245.6921,-37.333336,562.2881,28.200012,10.16829,1.0,F
flower_02,1259.4567,-37.333336,544.58905,28.200012,10.16829,1.0,F
flower_02,1244.3763,-37.333336,566.1788,28.200012,10.16829,1.0,F
flower_02,1256.4552,-37.333336,541.39105,28.200012,10.16829,1.0,F
flower_02,1225.1351,-37.333336,565.35095,28.200012,10.16829,1.0,F
flower_02,1247.998,-37.333336,533.1134,28.200012,10.16829,1.0,F
flower_02,1254.2325,-37.333336,559.699,28.200012,10.16829,1.0,F
flower_02,1226.4214,-37.333336,557.788,28.200012,10.16829,1.0,F
flower_02,2468.5605,0.0,1071.2485,28.200012,10.16829,1.0,F
flower_02,1253.3934,-37.333336,558.9533,28.200012,10.16829,1.0,F
flower_02,1337.0007,-37.333336,778.91046,145.20003,1.968838,1.0,F
flower_02,1304.8214,-37.333336,753.5597,145.20003,1.968838,1.0,F
flower_02,1337.6262,-37.333336,783.5729,145.20003,1.968838,1.0,F
flower_02,1332.0441,-37.333336,779.2391,145.20003,1.968838,1.0,F
flower_02,1297.8918,-37.333336,759.86884,145.20003,1.968838,1.0,F
flower_02,1302.4688,-37.333336,789.6188,145.20003,1.968838,1.0,F
flower_02,1317.1252,-37.333336,770.5656,145.20003,1.968838,1.0,F
flower_02,1325.6122,-37.333336,770.08466,145.20003,1.968838,1.0,F
flower_02,2567.4805,0.0,1511.4114,145.20003,1.968838,1.0,F
flower_02,1297.6345,-37.333336,753.5687,145.20003,1.968838,1.0,F
flower_02,1298.5721,-37.333336,756.94366,145.20003,1.968838,1.0,F
flower_02,1289.7089,-37.333336,763.483,113.700035,7.7352057,1.0,F
flower_02,2555.2793,0.0,1474.8949,113.700035,7.7352057,1.0,F
flower_02,1278.5181,-37.333336,753.9885,113.700035,7.7352057,1.0,F
flower_02,1280.2277,-37.333336,770.9949,113.700035,7.7352057,1.0,F
flower_02,1275.2015,-37.333336,738.93964,113.700035,7.7352057,1.0,F
flower_02,1268.5331,-37.333336,758.2644,113.700035,7.7352057,1.0,F
flower_02,1309.6115,-37.333336,762.6069,113.700035,7.7352057,1.0,F
flower_02,1284.5948,-37.333336,748.8402,113.700035,7.7352057,1.0,F
flower_02,1288.1321,-37.333336,752.51324,113.700035,7.7352057,1.0,F
flower_02,1296.1562,-37.333336,728.1063,113.700035,7.7352057,1.0,F
flower_02,1317.0834,-37.33334,738.64453,113.700035,7.7352057,1.0,F
flower_02,1157.5957,-37.333336,689.9768,119.10003,5.4721317,1.0,F
flower_02,1166.0844,-37.333336,642.14233,119.10003,5.4721317,1.0,F
flower_02,1183.7026,-37.333336,654.01404,119.10003,5.4721317,1.0,F
flower_02,1185.4928,-37.333336,657.4125,119.10003,5.4721317,1.0,F
flower_02,1156.2858,-37.333336,640.7013,119.10003,5.4721317,1.0,F
flower_02,2364.4531,0.0,1318.5568,119.10003,5.4721317,1.0,F
flower_02,1177.3108,-37.333336,680.49445,119.10003,5.4721317,1.0,F
flower_02,1161.3099,-37.333336,651.0074,119.10003,5.4721317,1.0,F
flower_02,1167.271,-37.333336,645.3825,119.10003,5.4721317,1.0,F
flower_02,1176.3871,-37.333336,683.6285,119.10003,5.4721317,1.0,F
flower_02,1156.5653,-37.333336,655.6502,119.10003,5.4721317,1.0,F
flower_02,1480.0443,-37.333336,615.6725,294.90002,3.458271,1.0,F
flower_02,1443.9585,-37.333336,609.1481,294.90002,3.458271,1.0,F
flower_02,1443.9614,-37.333336,617.83594,294.90002,3.458271,1.0,F
flower_02,1468.8619,-37.333336,623.76794,294.90002,3.458271,1.0,F
flower_02,1449.9215,-37.333336,625.5269,294.90002,3.458271,1.0,F
flower_02,1482.7888,-37.333336,608.78406,294.90002,3.458271,1.0,F
flower_02,2700.4019,0.0,1264.846,294.90002,3.458271,1.0,F
flower_02,1481.9686,-37.333336,595.0107,294.90002,3.458271,1.0,F
flower_02,1459.5132,-37.333336,604.736,294.90002,3.458271,1.0,F
flower_02,1477.9426,-37.333336,613.77325,294.90002,3.458271,1.0,F
flower_02,1458.7623,-37.333336,631.83813,294.90002,3.458271,1.0,F
flower_02,1384.5715,-37.33334,937.5901,534.0,17.813992,1.0,F
flower_02,1381.5052,-37.333336,922.84973,534.0,17.813992,1.0,F
flower_02,1414.2383,-37.333336,902.12415,534.0,17.813992,1.0,F
flower_02,1421.2432,-37.333336,932.90967,534.0,17.813992,1.0,F
flower_02,1412.9645,-37.333336,927.08374,534.0,17.813992,1.0,F
flower_02,1406.484,-37.333336,922.16486,534.0,17.813992,1.0,F
flower_02,1376.897,-37.333336,903.84515,534.0,17.813992,1.0,F
flower_02,1394.5868,-37.333336,889.7637,534.0,17.813992,1.0,F
flower_02,2770.0698,0.0,1325.6654,534.0,17.813992,1.0,F
flower_02,1399.1285,-37.333336,926.4917,534.0,17.813992,1.0,F
flower_02,1415.5813,-37.333336,903.9411,534.0,17.813992,1.0,F
stones_02,1271.3346,-37.333336,551.4391,180.0,8.8,1.0,F
stones_02,1253.9106,-37.333336,570.7594,180.0,7.6000004,1.0,F
stones_02,1295.0278,-37.333336,556.86664,180.0,6.4000006,1.0,F
stones_02,1256.843,-37.333336,527.7515,180.0,4.000001,1.0,F
stones_02,1237.717,-37.333336,533.8538,180.0,5.200001,1.0,F
stones_02,969.67053,-38.588238,396.49268,180.0,10.0,1.0,F
stones_02,886.738,-40.47059,418.76385,180.0,12.4,1.0,F
stones_02,864.4347,-39.84314,365.0782,180.0,13.599999,1.0,F
stones_02,793.90106,-45.490196,382.6294,180.0,11.2,1.0,F
stones_02,969.9985,-43.607845,353.7745,180.0,14.799999,1.0,F
stones_02,1156.736,-44.862747,236.7021,180.0,14.799999,1.0,F
stones_02,1196.9896,-37.333336,280.7946,180.0,13.599999,1.0,F
stones_02,1290.463,-37.333336,226.65997,180.0,17.199999,1.0,F
stones_02,1352.5906,-37.333332,252.84473,180.0,13.599999,1.0,F
stones_02,1375.5166,-37.333336,325.87497,180.0,11.2,1.0,F
stones_02,1325.6611,-37.333336,304.2744,180.0,11.2,1.0,F
stones_02,1497.1923,-37.333336,488.7222,269.10004,6.4000006,1.0,F
stones_02,1499.2211,-37.333336,536.6119,172.50002,10.0,1.0,F
stones_02,1362.2234,-37.333336,312.57526,348.90002,7.6000004,1.0,F
stones_02,1291.9231,-37.333336,306.5475,376.80002,7.6000004,1.0,F
stones_02,1266.1815,-37.333336,327.45782,201.3,7.6000004,1.0,F
stones_02,1247.9045,-37.333336,451.53815,193.5,7.6000004,1.0,F
stones_02,1189.241,-37.333336,464.56073,169.2,5.200001,1.0,F
stones_02,1206.7806,-37.333336,489.2182,187.5,1.6000012,1.0,F
stones_02,1212.4327,-37.333336,509.1454,190.2,4.000001,1.0,F
stones_02,1189.9958,-37.333336,518.3954,171.59999,2.8000011,1.0,F
stones_02,1183.4557,-37.33334,499.28482,51.299957,2.8000011,1.0,F
stones_02,1201.5372,-37.33334,485.75198,-37.200058,2.8000011,1.0,F
stones_02,1228.3451,-37.333336,755.4338,-201.30005,8.8,1.0,F
stones_02,1204.0745,-37.333336,747.7351,-249.90002,6.4000006,1.0,F
stones_02,1203.0382,-37.333336,731.6947,-277.80002,7.6000004,1.0,F
stones_01,1228.0125,-37.333336,583.2118,-345.00006,7.6000004,1.0,F
stones_01,1267.6895,-37.33334,526.90576,-364.79993,7.6000004,1.0,F
stones_01,1237.0238,-37.333336,517.8299,-332.09998,6.4000006,1.0,F
stones_01,1211.8143,-37.333332,551.37616,-261.9,6.4000006,1.0,F
stones_01,1200.1937,-37.333336,551.38055,-262.8,5.200001,1.0,F
stones_01,1184.7744,-37.333336,542.3335,-403.20013,6.4000006,1.0,F
stones_01,1185.2642,-37.333336,512.49994,-419.4002,5.200001,1.0,F
stones_01,1191.7642,-37.333336,484.39624,-473.40002,6.4000006,1.0,F
stones_01,1206.76,-37.333336,521.1004,-614.6999,5.200001,1.0,F
stones_01,1221.424,-37.333336,518.7415,-609.89984,5.200001,1.0,F
stones_01,1406.9939,-60.781883,1405.3151,-505.19983,12.400001,1.0,F
stones_01,1396.9423,-49.254906,1556.8843,-554.0998,14.800001,1.0,F
stones_01,1458.3605,-54.901962,1569.3132,-618.2996,20.800001,1.0,F
stones_01,1524.7356,-49.88235,1740.5042,-551.0997,26.800003,1.0,F
stones_01,1384.5105,-54.901962,1668.6133,-650.09973,31.600004,1.0,F
stones_01,1395.5499,-53.019608,1939.0409,-585.89966,32.800003,1.0,F
stones_01,1275.2134,-48.603523,1827.8544,-674.09973,35.200005,1.0,F
stones_01,1245.8878,-41.098045,1682.2877,-718.4996,28.000004,1.0,F
stones_01,1223.0667,-39.843136,1559.8546,-703.7996,24.400005,1.0,F
stones_01,1280.3452,-44.2353,1482.7671,-740.69965,26.800007,1.0,F
stones_01,1156.3031,-39.84314,1454.084,-681.89966,20.800005,1.0,F
stones_01,1403.9667,-50.202538,1503.9635,-804.8997,25.600006,1.0,F
stones_01,292.86584,-47.37255,1118.0012,-654.8998,18.400002,1.0,F
stones_01,299.96667,-47.88719,1081.3672,-678.5998,16.0,1.0,F
stones_01,333.30045,-46.745102,1109.464,-779.6998,16.0,1.0,F
stones_01,235.09131,-44.862743,1037.6246,-653.9999,16.0,1.0,F
stones_01,218.3505,-39.843136,966.6299,-677.69977,16.0,1.0,F
stones_01,246.34502,-44.2353,1021.39966,-664.19977,12.400001,1.0,F
stones_01,245.20819,-39.21569,963.85815,-781.1997,11.200001,1.0,F
stones_01,252.05772,-42.980392,1000.1787,-765.5998,12.400001,1.0,F
stones_01,247.56395,-41.098045,981.18976,-655.7998,12.400001,1.0,F
stones_01,700.22205,-63.686275,580.3998,-744.8998,12.400001,1.0,F
stones_01,676.6748,-64.94118,534.88306,-727.7998,12.400001,1.0,F
stones_01,1042.8014,-37.333336,424.42722,-772.1997,12.400001,1.0,F
stones_01,932.25964,-37.333336,423.77505,-743.9997,12.400001,1.0,F
stones_01,1007.04236,-37.333336,565.0182,-891.8999,12.400001,1.0,F
bush_03,1213.9186,-37.333336,1724.7714,-952.7992,25.600006,1.0,F
bush_03,1218.0465,-39.21569,1539.3992,-1009.199,25.600006,1.0,F
bush_03,1382.5662,-37.333336,1028.98,-1039.799,25.600006,1.0,F
bush_03,1218.2831,-37.333336,737.1835,-952.7988,25.600006,1.0,F
bush_03,1136.1846,-37.333336,625.06165,-949.7982,22.000004,1.0,F
bush_02,1087.7657,-37.333336,563.2138,-952.19824,22.000004,1.0,F
bush_03,1139.1454,-37.333336,358.9913,-1138.1985,22.000004,1.0,F
bush_03,1251.7987,-37.333336,321.53046,-1088.6986,16.000002,1.0,F
tree_11,1570.1182,-37.333336,644.7208,259.19998,18.4,1.0,F
tree_11,1555.9117,-37.33334,579.30896,287.4,19.6,1.0,F
tree_11,1554.4413,-37.333336,315.08063,345.3,20.800001,1.0,F
tree_11,1500.4224,-37.333336,238.11275,352.2,20.800001,1.0,F
tree_11,1706.3116,-49.88235,294.60867,294.30005,20.800001,1.0,F
tree_11,1753.5768,-37.960785,541.6823,247.20001,20.800001,1.0,F
tree_11,1799.9188,-37.333336,709.0548,225.60002,20.800001,1.0,F
tree_11,1752.7927,-37.333336,694.5639,211.20003,20.800001,1.0,F
tree_11,1698.0865,-37.333336,621.9551,157.50002,20.800001,1.0,F
tree_11,1827.9945,-37.333336,647.1063,197.10002,20.800001,1.0,F
tree_11,1962.5262,-37.333336,745.1472,207.30002,20.800001,1.0,F
tree_11,1997.8165,-37.333336,859.07404,214.50002,20.800001,1.0,F
tree_11,2001.361,-37.333336,941.679,213.60002,20.800001,1.0,F
tree_11,1827.2814,-48.62745,1162.791,168.30002,20.800001,1.0,F
tree_11,1827.4263,-41.725494,1252.1718,159.90002,20.800001,1.0,F
tree_11,1858.8302,-40.47059,1352.9786,162.90002,20.800001,1.0,F
tree_11,1914.0883,-46.648697,1448.6196,175.50003,20.800001,1.0,F
tree_11,1976.9635,-51.137257,1539.7853,186.60002,20.800001,1.0,F
tree_11,2020.3092,-38.22462,1368.0885,211.80002,20.800001,1.0,F
tree_11,1469.352,-52.39216,1723.7776,135.90001,20.800001,1.0,F
tree_11,1445.6357,-53.64706,1602.2911,122.70001,20.800001,1.0,F
tree_11,1397.6711,-48.0,1779.1136,144.90002,23.200003,1.0,F
tree_11,1260.5945,-44.883884,1777.9229,123.00002,18.400002,1.0,F
tree_11,1378.336,-52.290596,1711.9978,125.400024,18.400002,1.0,F
tree_11,1372.4053,-49.882355,1572.8782,105.60002,18.400002,1.0,F
tree_11,1387.861,-51.137257,1466.7135,76.200005,18.400002,1.0,F
tree_11,1245.351,-50.509804,1375.6288,80.700005,18.400002,1.0,F
tree_11,1250.6104,-37.333336,901.532,26.399994,18.400002,1.0,F
tree_11,1056.706,-64.31373,1075.413,57.9,18.400002,1.0,F
tree_11,1173.6155,-49.254906,985.35925,20.399979,18.400002,1.0,F
tree_11,1147.218,-39.21569,892.6558,19.800003,22.000004,1.0,F
tree_11,1238.0381,-47.37255,997.9849,0.59999084,26.800007,1.0,F
tree_11,1104.3796,-55.890106,1020.07294,32.100006,23.200008,1.0,F
tree_11,914.02747,-61.176476,901.77106,36.60002,25.60001,1.0,F
tree_11,925.90216,-61.176476,1006.9346,46.800034,23.200008,1.0,F
tree_11,892.6621,-59.92157,815.27985,33.30002,26.800009,1.0,F
tree_11,877.13715,-50.509804,739.69885,34.200043,19.600008,1.0,F
tree_11,986.79846,-56.156864,791.8296,6.9000244,24.400011,1.0,F
tree_11,721.66956,-53.019608,396.06696,26.700012,25.600012,1.0,F
tree_11,561.74976,-56.156864,1036.8472,114.60002,25.600012,1.0,F
tree_11,330.6278,-37.333332,839.51984,90.90002,30.400013,1.0,F
tree_11,129.74075,-38.588238,724.04767,83.40002,30.400013,1.0,F
tree_11,120.30475,-39.84314,861.0799,107.40001,28.000011,1.0,F
tree_11,109.79141,-55.52941,1168.3348,133.20001,28.000011,1.0,F
tree_11,480.26993,-55.52941,1341.7476,183.00002,28.000011,1.0,F
tree_11,405.05353,-66.196075,1395.5474,171.90001,28.000011,1.0,F
tree_11,582.1855,-67.45098,1765.5066,192.90001,28.000011,1.0,F
tree_01,670.5761,-66.196075,191.86746,361.5,26.80001,1.0,F
tree_01,863.21344,-58.09469,188.00339,339.00006,29.200012,1.0,F
tree_01,706.4331,-57.411766,286.01895,360.9001,22.000008,1.0,F
tree_01,985.47327,-47.37255,290.0783,327.6001,22.000008,1.0,F
tree_01,1140.3,-59.215,168.46509,321.9001,22.000008,1.0,F
tree_01,1276.3179,-62.431374,84.602325,310.5,22.000008,1.0,F
tree_01,1276.0336,-42.352943,192.90575,240.9,22.000008,1.0,F
tree_01,1441.4731,-41.09058,151.08566,246.6,22.000008,1.0,F
tree_01,1565.648,-60.54902,79.13746,264.0,23.200008,1.0,F
tree_01,1601.3556,-42.980392,220.74097,194.1,18.400005,1.0,F
tree_01,1617.5706,-40.83317,351.5938,174.6,22.000008,1.0,F
tree_01,1666.0122,-37.333336,554.4923,174.0,19.600008,1.0,F
tree_01,1691.3043,-37.333336,669.50696,162.6,22.00001,1.0,F
tree_01,1783.2448,-37.333336,611.2905,181.2,22.00001,1.0,F
tree_01,1880.6223,-56.953735,494.97168,241.79999,22.00001,1.0,F
tree_01,1793.6747,-43.607845,525.12366,194.99998,12.400008,1.0,F
tree_01,1768.289,-46.117653,479.61206,183.29999,17.200008,1.0,F
tree_01,1931.6061,-43.62914,595.2567,208.49998,17.200008,1.0,F
tree_01,2001.0385,-43.943295,633.77484,218.69998,17.200008,1.0,F
tree_01,1872.7568,-47.37255,1103.2113,158.39998,17.200008,1.0,F
tree_01,1877.7922,-37.960785,1290.7147,159.89998,17.200008,1.0,F
tree_01,1921.318,-63.686275,1661.991,181.19998,17.200008,1.0,F
tree_01,1860.1388,-60.404373,1553.0321,135.89998,17.200008,1.0,F
tree_01,1837.1891,-49.07168,1405.24,66.29998,17.200008,1.0,F
tree_01,1726.5118,-49.943333,1260.7128,62.699974,17.200008,1.0,F
tree_01,1597.5431,-58.187897,1211.2274,83.39998,17.200008,1.0,F
tree_01,1538.5046,-44.862747,1136.9208,71.099976,17.200008,1.0,F
tree_01,1399.256,-47.372547,1073.7982,69.29999,13.600009,1.0,F
tree_01,1321.5378,-60.54902,1115.5591,73.79999,13.600009,1.0,F
tree_01,1303.6622,-37.333336,995.0061,36.59999,13.600009,1.0,F
tree_01,1199.3186,-57.6079,1029.8154,43.199997,13.600009,1.0,F
tree_01,1506.1394,-56.33226,1573.4888,193.5,13.600009,1.0,F
tree_01,1603.6893,-56.156864,1667.675,184.2,17.20001,1.0,F
tree_01,1519.8398,-49.31623,1765.9128,104.7,13.600011,1.0,F
tree_01,1555.8932,-49.966103,1844.5907,98.39999,16.000011,1.0,F
tree_01,1519.075,-55.95087,1938.2849,78.0,19.600014,1.0,F
tree_01,1353.9628,-51.76471,1886.713,59.700005,18.400013,1.0,F
tree_01,1341.0447,-48.0,1783.6628,22.799988,20.800014,1.0,F
tree_01,1407.5616,-53.64706,1712.7825,34.499985,17.200012,1.0,F
tree_01,1557.7455,-54.901962,1626.985,-11.700043,20.800014,1.0,F
tree_01,1603.5074,-53.64706,1801.3467,35.399963,18.400013,1.0,F
tree_02,1161.026,-37.333336,1504.0684,80.99995,17.200012,1.0,F
tree_02,1369.4885,-51.76471,1634.5803,108.29995,18.400013,1.0,F
tree_02,1432.8003,-54.274513,1543.216,20.999954,18.400013,1.0,F
tree_02,1485.5487,-54.901962,1678.5623,6.899933,19.600014,1.0,F
tree_02,1435.9745,-58.66667,1985.4797,9.59993,24.400017,1.0,F
tree_02,1489.0779,-48.627453,1859.8527,-49.500076,19.600016,1.0,F
tree_02,1102.9791,-46.824905,1827.0193,62.99994,19.600016,1.0,F
tree_02,995.3865,-51.137253,1722.7268,37.49994,20.800016,1.0,F
tree_02,749.54443,-51.76471,1984.9731,98.69993,19.600016,1.0,F
tree_02,568.4187,-56.15686,1925.3118,86.999916,22.000017,1.0,F
tree_02,439.2716,-51.76471,1931.218,73.79991,24.400019,1.0,F
tree_02,421.92004,-49.873444,1821.9038,42.299942,22.000017,1.0,F
tree_02,372.46518,-46.745102,1773.6942,23.699951,19.600016,1.0,F
tree_02,363.5807,-65.56862,1614.9495,-50.10002,24.400019,1.0,F
tree_02,148.06369,-37.333336,1582.424,-7.1999817,23.200018,1.0,F
tree_02,404.72015,-55.52941,1305.9664,-56.100006,24.400019,1.0,F
tree_02,492.32117,-58.039215,1204.418,-72.30002,23.200018,1.0,F
tree_02,577.9024,-62.43137,1116.557,-79.79999,23.200018,1.0,F
tree_02,534.3949,-53.019608,898.6329,-29.699997,25.60002,1.0,F
tree_02,242.41113,-37.333336,874.85004,49.50003,20.800016,1.0,F
tree_02,54.9579,-44.862747,1035.8804,95.100044,24.400019,1.0,F
tree_02,143.35947,-46.7451,618.3845,20.700089,24.400019,1.0,F
tree_02,292.62796,-50.81417,589.51447,-33.899933,28.000021,1.0,F
tree_02,788.35974,-46.11765,259.9219,-5.399933,25.60002,1.0,F
tree_02,777.17163,-50.509804,317.24146,-21.899948,18.400019,1.0,F
tree_02,912.7344,-49.767704,312.0464,-52.799942,18.400019,1.0,F
tree_02,965.8904,-53.384308,181.55957,-32.699936,20.80002,1.0,F
tree_02,1070.3369,-50.509804,226.9324,-84.89996,20.80002,1.0,F
tree_02,1045.3809,-68.07843,115.16208,-59.99997,24.400023,1.0,F
tree_02,1161.698,-63.68628,110.624916,-85.7999,22.000021,1.0,F
tree_02,1356.1818,-60.54902,60.19088,-98.099884,24.400023,1.0,F
tree_02,1544.3539,-47.37255,165.29497,-232.19974,25.600023,1.0,F
tree_02,1653.3165,-37.333336,452.8348,-175.1997,25.600023,1.0,F
tree_02,1708.2473,-37.333336,505.33453,-244.1997,20.80002,1.0,F
tree_02,1900.7245,-37.333336,691.822,-164.09976,20.80002,1.0,F
tree_02,1801.5109,-45.72159,1301.5538,-218.39969,20.80002,1.0,F
tree_02,1664.498,-57.411766,1262.6056,-227.39969,19.60002,1.0,F
tree_02,1640.0768,-54.274513,1174.5032,-210.89966,16.000017,1.0,F
tree_02,1597.78,-39.21569,1074.2394,-289.49963,16.000017,1.0,F
tree_02,1463.6072,-37.333336,1019.29877,-271.1996,16.000017,1.0,F
tree_02,966.3894,-58.666668,853.98444,-242.69955,16.000017,1.0,F
tree_04,1216.0033,-42.980392,953.03033,-149.69955,17.200018,1.0,F
tree_04,1080.3087,-51.76471,964.7972,-202.49957,17.200018,1.0,F
tree_04,977.31616,-67.45098,1147.2688,-214.79956,19.600018,1.0,F
tree_04,880.8799,-60.894264,940.1492,-296.69962,19.600018,1.0,F
tree_04,933.66284,-48.0,745.732,-339.89972,18.400019,1.0,F
tree_04,961.05396,-57.411766,949.77484,-324.59973,20.80002,1.0,F
tree_04,1211.2646,-43.607845,1434.2168,-148.19974,20.80002,1.0,F
tree_04,1364.795,-47.37255,1506.6044,-134.99976,19.60002,1.0,F
tree_04,1547.9608,-60.54902,1529.6348,-113.09973,20.80002,1.0,F
tree_04,1515.4833,-49.254906,1809.7893,-152.99973,23.200022,1.0,F
tree_04,1437.368,-53.019608,1925.8861,-168.59973,20.80002,1.0,F
tree_04,1570.9447,-57.411766,1912.9563,-137.0998,18.400019,1.0,F
tree_04,1648.8082,-62.114998,1716.3423,-91.19983,18.400019,1.0,F
tree_04,1465.9016,-62.547977,1447.7749,-25.799835,20.80002,1.0,F
tree_04,1426.1826,-52.39216,1592.1217,-53.999832,20.80002,1.0,F
tree_04,1261.8887,-59.29412,1941.6919,-186.2998,20.80002,1.0,F
tree_04,1364.1163,-60.54902,2003.4773,-167.69983,23.200022,1.0,F
tree_04,1056.304,-45.19335,1785.3987,-294.89987,24.400023,1.0,F
tree_04,973.2111,-49.2549,1585.2728,-342.29987,22.000021,1.0,F
tree_04,1059.3014,-49.83465,1459.7888,-416.39978,22.000021,1.0,F
tree_05,1506.0022,-59.29412,1548.0557,-506.09998,32.800022,1.0,F
tree_05,1434.3231,-53.019608,1669.4337,-518.39984,32.800022,1.0,F
tree_05,1452.7512,-46.745102,1835.3307,-515.4,32.800022,1.0,F
tree_05,1528.0675,-62.431374,1994.3125,-499.79993,32.800022,1.0,F
tree_05,1946.4673,-54.901962,1575.8589,-430.19995,32.800022,1.0,F
tree_05,1860.0372,-53.019608,1468.662,-414.89996,32.800022,1.0,F
tree_05,1714.0253,-63.058823,1332.6411,-390.30005,32.800022,1.0,F
tree_05,1566.6547,-52.64477,1170.9744,-371.1001,32.800022,1.0,F
tree_05,1263.6787,-48.76571,1033.7251,-334.2,32.800022,1.0,F
tree_05,1110.0361,-48.627457,968.8836,-309.3,35.200024,1.0,F
tree_05,1064.5409,-44.862747,755.32776,-319.7999,35.200024,1.0,F
tree_05,895.024,-64.31373,846.3779,-285.59995,35.200024,1.0,F
tree_05,877.5008,-49.254906,681.50635,-303.5999,35.200024,1.0,F
tree_05,854.44104,-65.06151,103.8351,-363.29968,35.200024,1.0,F
tree_05,1305.5946,-49.882355,132.7793,-441.29974,35.200024,1.0,F
tree_05,1460.6465,-37.333336,243.27812,-461.69977,35.200024,1.0,F
tree_05,1657.3093,-48.627453,264.8327,-437.6996,35.200024,1.0,F
tree_05,1731.872,-37.333336,598.0807,-560.39966,35.200024,1.0,F
tree_05,1983.0979,-37.333336,811.54315,-494.3996,35.200024,1.0,F
tree_05,624.90204,-50.509804,1927.2649,-581.0994,38.800026,1.0,F
tree_05,586.9084,-58.666668,1857.79,-604.79944,35.200024,1.0,F
tree_05,479.72037,-56.15686,1968.6389,-576.29956,38.800026,1.0,F
tree_06,493.51846,-68.07843,1715.2272,-743.0997,38.800026,1.0,F
tree_06,676.35895,-49.254906,1960.8778,-381.2998,32.800022,1.0,F
tree_06,994.67645,-58.039215,1783.4078,-415.79962,32.800022,1.0,F
tree_06,976.31366,-50.509804,1653.2373,-392.0996,32.800022,1.0,F
tree_06,1431.8243,-55.60797,1496.7972,-420.59967,32.800022,1.0,F
tree_06,1016.5299,-59.92157,1037.7617,-313.49966,32.800022,1.0,F
tree_06,1868.1799,-41.725494,1204.2881,-496.1996,26.800018,1.0,F
tree_06,2006.4463,-37.333336,1139.3456,-447.8996,26.800018,1.0,F
tree_06,1992.9908,-37.333336,1229.9513,-262.1998,26.800018,1.0,F
tree_06,1925.5422,-49.254906,1502.3314,-245.09988,26.800018,1.0,F
tree_06,1894.6414,-67.00158,1722.8116,-278.39987,26.800018,1.0,F
tree_06,1884.6788,-61.803925,1609.1104,-342.5999,25.600018,1.0,F
tree_08,1553.2052,-37.333336,390.4473,-446.99994,25.600018,1.0,F
tree_08,1480.4548,-37.333336,291.54727,-424.19995,24.400017,1.0,F
tree_08,1397.3864,-49.254906,114.081924,-385.19995,26.800018,1.0,F
tree_08,1211.556,-65.56863,89.67601,-350.6999,25.600018,1.0,F
tree_08,1227.297,-42.92678,211.18857,-347.69995,25.600018,1.0,F
tree_08,1130.4613,-48.62745,225.9144,-314.70004,29.20002,1.0,F
tree_08,878.46484,-53.019608,256.30646,-282.30005,29.20002,1.0,F
tree_08,722.61237,-55.52941,337.0719,-265.8,29.20002,1.0,F
tree_08,977.2,-48.627453,724.7932,-166.79993,29.20002,1.0,F
tree_08,983.2131,-38.588234,628.3854,-159.6,26.800018,1.0,F
tree_08,886.56537,-42.352943,614.1566,-212.99994,23.200016,1.0,F
tree_08,1045.4341,-51.137253,905.9732,-131.39993,23.200016,1.0,F
tree_08,1216.8965,-37.333336,911.71497,-137.69992,24.400017,1.0,F
tree_08,1820.5251,-48.0,1049.5015,-136.49988,24.400017,1.0,F
tree_08,1636.4204,-42.980392,1042.6083,-223.79984,24.400017,1.0,F
tree_08,1807.7495,-68.07843,1506.3402,-174.89978,28.00002,1.0,F
tree_09,1394.9329,-48.000004,1849.4513,-222.89987,47.20002,1.0,F
tree_09,1585.849,-52.39216,1723.7693,-267.59985,50.800022,1.0,F
tree_09,1174.1808,-53.647064,1890.7955,-284.0998,50.800022,1.0,F
tree_09,1795.9438,-60.507027,1429.0242,-398.99976,50.800022,1.0,F
tree_09,1662.7004,-63.686275,1304.1995,-378.89984,50.800022,1.0,F
tree_09,1762.4714,-43.607845,1220.5015,-323.99973,50.800022,1.0,F
tree_09,1699.5642,-37.333336,718.55945,-331.4998,50.800022,1.0,F
tree_09,1686.9584,-46.11765,332.29834,-304.1998,50.800022,1.0,F
tree_09,1544.9523,-37.333336,264.73535,-216.89996,50.800022,1.0,F
tree_09,1487.0437,-37.53262,194.15659,-216.59995,48.40002,1.0,F
tree_09,980.6227,-58.75693,129.65524,-296.99997,48.40002,1.0,F
tree_09,410.02872,-43.607845,1029.3564,-214.20004,50.800022,1.0,F
tree_09,427.3114,-40.53506,916.4009,-226.80002,47.20002,1.0,F
tree_09,135.23102,-37.333336,794.5255,-258.6,50.800022,1.0,F
tree_09,131.15602,-40.47059,1044.3857,-229.49988,43.600018,1.0,F
tree_09,452.09125,-56.001644,1276.8708,-148.79984,40.000015,1.0,F
tree_09,1198.5265,-37.333336,1769.659,-94.49979,43.600018,1.0,F
tree_09,1384.8124,-59.29412,1403.0856,-76.79974,46.00002,1.0,F
tree_10,1301.4034,-47.372547,1750.2158,155.40028,46.00002,1.0,F
tree_10,1305.9126,-60.54902,1977.4292,163.20029,49.60002,1.0,F
tree_10,863.11615,-64.74962,1939.6161,112.800285,48.40002,1.0,F
tree_10,424.7913,-47.7389,1891.7343,138.60028,48.40002,1.0,F
tree_10,425.76257,-68.70589,1679.4231,178.20029,48.40002,1.0,F
tree_10,228.82907,-61.17647,1223.1323,22.200302,48.40002,1.0,F
tree_10,311.4825,-58.666664,1253.0585,12.300262,48.40002,1.0,F
tree_10,169.22632,-40.47059,977.57117,42.300232,48.40002,1.0,F
tree_10,407.0495,-39.84314,848.91656,-53.099777,48.40002,1.0,F
tree_10,352.88208,-53.64706,42.15683,-20.099777,48.40002,1.0,F
tree_10,418.6803,-59.29412,39.297974,-30.599747,41.200016,1.0,F
tree_10,388.18146,-65.56863,93.18805,-30.899734,35.200012,1.0,F
tree_10,627.17523,-66.39384,409.51514,-75.29976,44.80002,1.0,F
tree_10,1039.4136,-42.788517,699.0355,-150.5997,44.80002,1.0,F
boat,491.90836,-73.117645,487.6761,156.3,12.4,1.0,F
boat,386.44427,-71.86275,442.07935,140.99998,18.4,1.0,F
boat,675.0502,-73.117645,724.8433,315.90002,14.799999,1.0,F
boat,747.076,-72.4902,812.83325,302.70004,14.799999,1.0,F
boat,1012.14264,-73.0277,1217.8029,407.10004,14.799999,1.0,F
boat,908.3168,-74.37255,1297.4697,440.10004,15.999999,1.0,F
boat,716.4004,-72.4902,1571.4229,485.99997,22.000002,1.0,F
boat,720.4569,-69.98039,1383.6595,454.79996,17.199999,1.0,F